Date12[DDMMYYYYhhmm],JulianDayFromYear0[days],TimeFromStart[days],Simulation_Period,Run,IDpoint,75 ,300 ,600 ,900 ,1200  
01/10/2002 00:00,731490.000000,0.000000,1,1,2,-3700.000000,-3700.000000,-3700.000000,-3700.000000,-3700.000000 
01/10/2002 00:00,731490.000000,0.000000,1,1,2,-3700.000000,-3700.000000,-3700.000000,-3700.000000,-3700.000000 
01/10/2002 00:00,731490.000000,0.000000,1,1,2,-3700.000000,-3700.000000,-3700.000000,-3700.000000,-3700.000000 
01/10/2002 00:00,731490.000000,0.000000,1,1,2,-3700.000000,-3700.000000,-3700.000000,-3700.000000,-3700.000000 
02/10/2002 00:00,731491.000000,1.000000,1,1,2,-1296.958913,-3674.982542,-3699.750610,-3699.876459,-3697.347598 
02/10/2002 00:00,731491.000000,1.000000,1,1,2,-1296.397582,-3675.027037,-3699.814028,-3699.965171,-3697.472592 
02/10/2002 00:00,731491.000000,1.000000,1,1,2,-1296.889676,-3674.922749,-3699.646269,-3699.729957,-3697.139845 
02/10/2002 00:00,731491.000000,1.000000,1,1,2,-1296.410479,-3674.977205,-3699.726434,-3699.842435,-3697.299195 
03/10/2002 00:00,731492.000000,2.000000,1,1,2,108.970119,-3420.610242,-3697.498733,-3699.732547,-3694.722523 
03/10/2002 00:00,731492.000000,2.000000,1,1,2,109.050246,-3420.719744,-3697.625645,-3699.909189,-3694.971128 
03/10/2002 00:00,731492.000000,2.000000,1,1,2,108.980476,-3420.511835,-3697.292423,-3699.441315,-3694.309930 
03/10/2002 00:00,731492.000000,2.000000,1,1,2,109.047641,-3420.667710,-3697.453116,-3699.666083,-3694.628534 
04/10/2002 00:00,731493.000000,3.000000,1,1,2,-254.991364,-94.390161,-3665.048914,-3699.310482,-3692.122892 
04/10/2002 00:00,731493.000000,3.000000,1,1,2,-231.104824,-72.924433,-3665.073725,-3699.573125,-3692.493714 
04/10/2002 00:00,731493.000000,3.000000,1,1,2,-242.347699,-82.986872,-3664.644662,-3698.875465,-3691.508450 
04/10/2002 00:00,731493.000000,3.000000,1,1,2,-283.950757,-120.628328,-3665.241908,-3699.215406,-3691.986185 
05/10/2002 00:00,731494.000000,4.000000,1,1,2,-634.427122,-451.423100,-483.159082,-3672.779754,-3689.331917 
05/10/2002 00:00,731494.000000,4.000000,1,1,2,-645.266580,-455.034677,-418.401164,-3672.612384,-3689.819446 
05/10/2002 00:00,731494.000000,4.000000,1,1,2,-626.432872,-438.845980,-437.428400,-3671.833866,-3688.515595 
05/10/2002 00:00,731494.000000,4.000000,1,1,2,-633.746014,-460.517381,-579.214742,-3673.454565,-3689.162004 
06/10/2002 00:00,731495.000000,5.000000,1,1,2,-699.751237,-521.488751,-592.891040,-2086.079620,-3673.346570 
06/10/2002 00:00,731495.000000,5.000000,1,1,2,-710.294291,-531.869373,-563.303774,-1835.686194,-3671.887011 
06/10/2002 00:00,731495.000000,5.000000,1,1,2,-692.654980,-513.941652,-563.402801,-1907.758759,-3670.866703 
06/10/2002 00:00,731495.000000,5.000000,1,1,2,-699.759314,-524.912669,-653.276167,-2417.216803,-3675.913278 
07/10/2002 00:00,731496.000000,6.000000,1,1,2,-671.340360,-557.795003,-629.621620,-1681.476391,-3614.705818 
07/10/2002 00:00,731496.000000,6.000000,1,1,2,-678.670926,-566.450749,-605.570649,-1496.949623,-3586.158654 
07/10/2002 00:00,731496.000000,6.000000,1,1,2,-665.440409,-549.919215,-601.626244,-1537.482545,-3593.814800 
07/10/2002 00:00,731496.000000,6.000000,1,1,2,-671.980714,-562.135703,-683.812664,-1966.148987,-3639.281656 
08/10/2002 00:00,731497.000000,7.000000,1,1,2,-668.492483,-582.984615,-649.827125,-1466.995939,-3510.769494 
08/10/2002 00:00,731497.000000,7.000000,1,1,2,-673.708706,-590.180668,-629.768055,-1324.275282,-3443.207823 
08/10/2002 00:00,731497.000000,7.000000,1,1,2,-663.226762,-574.788546,-623.012261,-1347.238039,-3460.138376 
08/10/2002 00:00,731497.000000,7.000000,1,1,2,-669.544545,-588.292081,-700.690311,-1711.942570,-3574.489321 
09/10/2002 00:00,731498.000000,8.000000,1,1,2,-745.481073,-613.360668,-664.455998,-1332.024802,-3367.937447 
09/10/2002 00:00,731498.000000,8.000000,1,1,2,-750.157517,-619.276181,-647.676688,-1218.880200,-3261.334238 
09/10/2002 00:00,731498.000000,8.000000,1,1,2,-739.536708,-604.899854,-638.879008,-1230.553788,-3284.121907 
09/10/2002 00:00,731498.000000,8.000000,1,1,2,-747.386844,-619.542200,-712.757196,-1545.743086,-3481.396883 
10/10/2002 00:00,731499.000000,9.000000,1,1,2,-809.884110,-646.573813,-678.404057,-1240.757548,-3198.498809 
10/10/2002 00:00,731499.000000,9.000000,1,1,2,-814.142186,-651.478765,-664.264015,-1149.351113,-3061.130928 
10/10/2002 00:00,731499.000000,9.000000,1,1,2,-803.164049,-637.835798,-654.041556,-1153.424943,-3085.235703 
10/10/2002 00:00,731499.000000,9.000000,1,1,2,-812.743126,-653.580226,-724.615292,-1429.674697,-3363.873560 
11/10/2002 00:00,731500.000000,10.000000,1,1,2,-839.903050,-676.946330,-692.575539,-1176.750446,-3016.175131 
11/10/2002 00:00,731500.000000,10.000000,1,1,2,-843.618376,-681.089086,-680.581890,-1101.475985,-2859.284369 
11/10/2002 00:00,731500.000000,10.000000,1,1,2,-832.735698,-667.918278,-669.335084,-1100.349648,-2881.075518 
11/10/2002 00:00,731500.000000,10.000000,1,1,2,-843.655240,-684.741809,-737.006539,-1345.974692,-3228.536631 
12/10/2002 00:00,731501.000000,11.000000,1,1,2,-901.121894,-708.688188,-707.653437,-1131.076128,-2832.867407 
12/10/2002 00:00,731501.000000,11.000000,1,1,2,-904.422417,-712.206916,-697.393224,-1067.811329,-2666.775572 
12/10/2002 00:00,731501.000000,11.000000,1,1,2,-893.143289,-699.384796,-685.403151,-1063.077370,-2684.176902 
12/10/2002 00:00,731501.000000,11.000000,1,1,2,-905.732285,-717.187278,-750.562204,-1284.800225,-3083.201831 
13/10/2002 00:00,731502.000000,12.000000,1,1,2,-948.928856,-739.573497,-723.632112,-1098.218398,-2657.072718 
13/10/2002 00:00,731502.000000,12.000000,1,1,2,-951.852973,-742.592995,-714.761769,-1043.945701,-2489.519553 
13/10/2002 00:00,731502.000000,12.000000,1,1,2,-940.244524,-729.998238,-702.225067,-1036.666647,-2501.782879 
13/10/2002 00:00,731502.000000,12.000000,1,1,2,-954.407219,-748.731860,-765.258690,-1239.861000,-2935.282384 
14/10/2002 00:00,731503.000000,13.000000,1,1,2,-991.972365,-769.209319,-740.087978,-1074.376667,-2493.692702 
14/10/2002 00:00,731503.000000,13.000000,1,1,2,-994.488105,-771.814756,-732.344648,-1026.923462,-2329.720170 
14/10/2002 00:00,731503.000000,13.000000,1,1,2,-982.625142,-759.361841,-719.388659,-1017.803304,-2336.941647 
14/10/2002 00:00,731503.000000,13.000000,1,1,2,-998.298640,-778.999130,-780.626491,-1206.649869,-2790.601678 
15/10/2002 00:00,731504.000000,14.000000,1,1,2,-1034.649330,-797.776911,-756.780792,-1056.952941,-2344.788392 
15/10/2002 00:00,731504.000000,14.000000,1,1,2,-1036.768547,-800.030112,-749.955295,-1014.766647,-2187.302977 
15/10/2002 00:00,731504.000000,14.000000,1,1,2,-1024.639401,-787.659119,-736.667207,-1004.273795,-2190.001049 
15/10/2002 00:00,731504.000000,14.000000,1,1,2,-1041.802807,-808.174797,-796.407478,-1181.961713,-2653.016151 
16/10/2002 00:00,731505.000000,15.000000,1,1,2,-1073.040665,-825.074518,-773.510007,-1044.173799,-2210.589399 
16/10/2002 00:00,731505.000000,15.000000,1,1,2,-1074.782358,-827.025066,-767.435629,-1006.141851,-2061.032933 
16/10/2002 00:00,731505.000000,15.000000,1,1,2,-1062.419985,-814.689675,-753.876014,-994.593673,-2059.876294 
16/10/2002 00:00,731505.000000,15.000000,1,1,2,-1080.987826,-836.062617,-812.386122,-1163.532158,-2524.649210 
17/10/2002 00:00,731506.000000,16.000000,1,1,2,-1107.640499,-851.079740,-790.095271,-1034.789719,-2090.301948 
17/10/2002 00:00,731506.000000,16.000000,1,1,2,-1109.003359,-852.765470,-784.640411,-1000.109682,-1949.199194 
17/10/2002 00:00,731506.000000,16.000000,1,1,2,-1096.460281,-840.431273,-770.851351,-987.725621,-1944.860361 
17/10/2002 00:00,731506.000000,16.000000,1,1,2,-1116.342313,-862.643975,-828.363376,-1149.724696,-2406.333733 
18/10/2002 00:00,731507.000000,17.000000,1,1,2,-1136.855829,-875.726767,-806.387896,-1027.891549,-1982.637210 
18/10/2002 00:00,731507.000000,17.000000,1,1,2,-1137.700745,-877.166612,-801.448166,-995.979840,-1849.980524 
18/10/2002 00:00,731507.000000,17.000000,1,1,2,-1125.180745,-864.815809,-787.459308,-982.914655,-1843.068249 
18/10/2002 00:00,731507.000000,17.000000,1,1,2,-1146.189434,-887.853595,-844.171820,-1139.329740,-2298.037207 
19/10/2002 00:00,731508.000000,18.000000,1,1,2,-1170.173592,-899.601857,-822.368412,-1022.861616,-1886.170571 
19/10/2002 00:00,731508.000000,18.000000,1,1,2,-1170.642910,-900.818374,-817.858829,-993.285571,-1761.665692 
19/10/2002 00:00,731508.000000,18.000000,1,1,2,-1157.970365,-888.433843,-803.692647,-979.652172,-1752.702029 
19/10/2002 00:00,731508.000000,18.000000,1,1,2,-1180.219582,-912.279100,-859.780680,-1131.507581,-2199.246412 
20/10/2002 00:00,731509.000000,19.000000,1,1,2,-1203.025568,-922.775641,-838.040308,-1019.281535,-1799.536458 
20/10/2002 00:00,731509.000000,19.000000,1,1,2,-1203.103500,-923.785058,-833.890699,-991.712637,-1682.749452 
20/10/2002 00:00,731509.000000,19.000000,1,1,2,-1190.294657,-911.356357,-819.565097,-977.596620,-1672.169207 
20/10/2002 00:00,731509.000000,19.000000,1,1,2,-1213.780640,-935.992118,-875.184093,-1125.678270,-2109.233885 
21/10/2002 00:00,731510.000000,20.000000,1,1,2,-1235.036647,-945.265273,-853.403792,-1016.860088,-1721.508820 
21/10/2002 00:00,731510.000000,20.000000,1,1,2,-1234.755048,-946.082826,-849.556010,-991.042623,-1611.950332 
21/10/2002 00:00,731510.000000,20.000000,1,1,2,-1221.788995,-933.601197,-835.085577,-976.511144,-1600.109534 
21/10/2002 00:00,731510.000000,20.000000,1,1,2,-1246.503728,-959.010950,-890.372845,-1121.432809,-2027.211341 
22/10/2002 00:00,731511.000000,21.000000,1,1,2,-1259.936441,-966.536491,-868.448192,-1015.417169,-1651.044531 
22/10/2002 00:00,731511.000000,21.000000,1,1,2,-1259.368222,-967.182354,-864.853169,-991.144872,-1548.214263 
22/10/2002 00:00,731511.000000,21.000000,1,1,2,-1246.278934,-954.638136,-850.249850,-976.252914,-1535.401675 
22/10/2002 00:00,731511.000000,21.000000,1,1,2,-1272.048746,-980.800942,-905.331549,-1118.509789,-1952.435081 
23/10/2002 00:00,731512.000000,22.000000,1,1,2,-1260.002797,-984.827084,-883.108080,-1014.909537,-1587.338600 
23/10/2002 00:00,731512.000000,22.000000,1,1,2,-1259.507031,-985.349970,-879.723159,-992.004283,-1490.741106 
23/10/2002 00:00,731512.000000,22.000000,1,1,2,-1246.318352,-972.717980,-864.996425,-976.800715,-1477.191256 
23/10/2002 00:00,731512.000000,22.000000,1,1,2,-1272.679441,-999.606172,-919.998730,-1116.821880,-1884.314923 
24/10/2002 00:00,731513.000000,23.000000,1,1,2,-1256.347259,-1000.571314,-897.188018,-1015.217823,-1529.722188 
24/10/2002 00:00,731513.000000,23.000000,1,1,2,-1256.029360,-1001.010850,-893.982137,-993.527622,-1438.878231 
24/10/2002 00:00,731513.000000,23.000000,1,1,2,-1242.747368,-988.277192,-879.137946,-978.053602,-1424.780175 
24/10/2002 00:00,731513.000000,23.000000,1,1,2,-1269.546349,-1015.846230,-934.159074,-1116.206651,-1822.333919 
25/10/2002 00:00,731514.000000,24.000000,1,1,2,-1090.579705,-1005.992651,-910.043801,-1016.064371,-1477.533735 
25/10/2002 00:00,731514.000000,24.000000,1,1,2,-1103.689986,-1007.093817,-907.035222,-995.467872,-1391.995399 
25/10/2002 00:00,731514.000000,24.000000,1,1,2,-1081.248133,-993.614882,-892.033017,-979.752050,-1377.497430 
25/10/2002 00:00,731514.000000,24.000000,1,1,2,-1116.514369,-1022.539077,-947.196470,-1116.333488,-1765.919048 
26/10/2002 00:00,731515.000000,25.000000,1,1,2,-754.686080,-991.476854,-920.632887,-1017.105932,-1430.108525 
26/10/2002 00:00,731515.000000,25.000000,1,1,2,-763.043666,-993.234677,-917.853584,-997.511652,-1349.470926 
26/10/2002 00:00,731515.000000,25.000000,1,1,2,-749.451858,-979.016869,-902.627465,-981.565852,-1334.683487 
26/10/2002 00:00,731515.000000,25.000000,1,1,2,-770.450166,-1009.216225,-958.075660,-1116.817823,-1714.444747 
27/10/2002 00:00,731516.000000,26.000000,1,1,2,-88.409749,-915.493585,-925.758988,-1017.865315,-1386.811881 
27/10/2002 00:00,731516.000000,26.000000,1,1,2,-91.586629,-918.571717,-923.293368,-999.207954,-1310.716599 
27/10/2002 00:00,731516.000000,26.000000,1,1,2,-87.730902,-903.082461,-907.681492,-983.019304,-1295.715358 
27/10/2002 00:00,731516.000000,26.000000,1,1,2,-92.785499,-934.832685,-963.685015,-1117.167759,-1667.288225 
28/10/2002 00:00,731517.000000,27.000000,1,1,2,-143.994716,-261.436968,-892.221104,-1015.876164,-1346.943408 
28/10/2002 00:00,731517.000000,27.000000,1,1,2,-143.659070,-269.041195,-890.557366,-998.135998,-1275.075993 
28/10/2002 00:00,731517.000000,27.000000,1,1,2,-141.716556,-256.840839,-873.846104,-981.585264,-1259.897796 
28/10/2002 00:00,731517.000000,27.000000,1,1,2,-142.102859,-273.314997,-931.192690,-1115.025866,-1623.763500 
29/10/2002 00:00,731518.000000,28.000000,1,1,2,-347.293858,-266.645650,-582.670751,-992.786981,-1308.750989 
29/10/2002 00:00,731518.000000,28.000000,1,1,2,-350.945927,-271.654236,-594.414811,-976.834532,-1240.885267 
29/10/2002 00:00,731518.000000,28.000000,1,1,2,-344.757536,-261.390825,-566.910219,-958.682092,-1225.432915 
29/10/2002 00:00,731518.000000,28.000000,1,1,2,-350.308122,-273.065085,-618.749290,-1092.508390,-1582.235889 
30/10/2002 00:00,731519.000000,29.000000,1,1,2,-459.067113,-327.412071,-460.546470,-911.578712,-1267.385623 
30/10/2002 00:00,731519.000000,29.000000,1,1,2,-462.094723,-332.397005,-471.861152,-903.366445,-1203.785925 
30/10/2002 00:00,731519.000000,29.000000,1,1,2,-456.126264,-321.735581,-446.233202,-877.569400,-1187.386931 
30/10/2002 00:00,731519.000000,29.000000,1,1,2,-461.807601,-333.630106,-488.219596,-1009.389336,-1537.859278 
31/10/2002 00:00,731520.000000,30.000000,1,1,2,-527.007366,-379.929770,-432.307017,-799.412215,-1215.888696 
31/10/2002 00:00,731520.000000,30.000000,1,1,2,-530.035642,-384.580868,-442.218526,-800.124071,-1157.859421 
31/10/2002 00:00,731520.000000,30.000000,1,1,2,-523.708605,-374.311198,-418.951335,-765.954058,-1138.841288 
31/10/2002 00:00,731520.000000,30.000000,1,1,2,-529.866339,-385.408655,-456.814470,-890.400623,-1482.794617 
01/11/2002 00:00,731521.000000,31.000000,1,1,2,-576.929496,-425.543681,-432.118611,-708.762617,-1149.505594 
01/11/2002 00:00,731521.000000,31.000000,1,1,2,-580.095079,-429.947888,-441.031694,-714.381194,-1099.212570 
01/11/2002 00:00,731521.000000,31.000000,1,1,2,-573.367185,-420.052454,-419.427719,-676.941693,-1075.148831 
01/11/2002 00:00,731521.000000,31.000000,1,1,2,-579.937893,-430.404185,-454.848690,-792.368988,-1410.978178 
02/11/2002 00:00,731522.000000,32.000000,1,1,2,-618.011623,-465.150156,-442.103634,-646.470222,-1070.528710 
02/11/2002 00:00,731522.000000,32.000000,1,1,2,-621.310149,-469.445770,-450.396726,-654.106757,-1029.549144 
02/11/2002 00:00,731522.000000,32.000000,1,1,2,-614.220732,-459.713784,-429.953127,-616.739570,-998.886765 
02/11/2002 00:00,731522.000000,32.000000,1,1,2,-621.113741,-469.630229,-463.487520,-723.995541,-1324.276856 
03/11/2002 00:00,731523.000000,33.000000,1,1,2,-556.137129,-486.293646,-454.715703,-605.479026,-985.915891 
03/11/2002 00:00,731523.000000,33.000000,1,1,2,-562.256684,-491.032536,-462.690644,-613.806160,-954.397471 
03/11/2002 00:00,731523.000000,33.000000,1,1,2,-553.467684,-480.898137,-443.020272,-577.797575,-917.347012 
03/11/2002 00:00,731523.000000,33.000000,1,1,2,-561.701942,-490.962190,-475.020165,-678.360414,-1230.128645 
04/11/2002 00:00,731524.000000,34.000000,1,1,2,-509.070840,-494.946935,-466.172685,-578.172580,-902.517503 
04/11/2002 00:00,731524.000000,34.000000,1,1,2,-511.156134,-499.673931,-473.988869,-586.743465,-879.489950 
04/11/2002 00:00,731524.000000,34.000000,1,1,2,-506.697284,-489.576879,-454.871007,-552.297192,-837.467393 
04/11/2002 00:00,731524.000000,34.000000,1,1,2,-510.993634,-499.426355,-485.486917,-647.510514,-1136.336255 
05/11/2002 00:00,731525.000000,35.000000,1,1,2,-416.407356,-486.811822,-474.022591,-558.897610,-824.447963 
05/11/2002 00:00,731525.000000,35.000000,1,1,2,-426.639047,-492.599375,-481.893304,-567.655649,-808.538068 
05/11/2002 00:00,731525.000000,35.000000,1,1,2,-416.170556,-481.679015,-463.065110,-534.559812,-763.208222 
05/11/2002 00:00,731525.000000,35.000000,1,1,2,-426.151109,-492.126546,-492.506344,-625.401629,-1047.900184 
06/11/2002 00:00,731526.000000,36.000000,1,1,2,-340.416761,-460.316182,-475.688292,-543.647109,-753.133677 
06/11/2002 00:00,731526.000000,36.000000,1,1,2,-344.363167,-467.198312,-483.903741,-552.716120,-743.053328 
06/11/2002 00:00,731526.000000,36.000000,1,1,2,-340.164952,-455.650235,-465.064515,-520.621931,-695.774380 
06/11/2002 00:00,731526.000000,36.000000,1,1,2,-343.720295,-466.394016,-493.531057,-607.751436,-966.804777 
07/11/2002 00:00,731527.000000,37.000000,1,1,2,-354.106063,-430.084587,-470.023108,-529.507053,-688.297511 
07/11/2002 00:00,731527.000000,37.000000,1,1,2,-357.156612,-436.891505,-478.738460,-539.079431,-683.035277 
07/11/2002 00:00,731527.000000,37.000000,1,1,2,-353.568803,-425.932349,-459.779700,-507.635754,-634.710012 
07/11/2002 00:00,731527.000000,37.000000,1,1,2,-356.146893,-435.646150,-487.172871,-591.408016,-893.010651 
08/11/2002 00:00,731528.000000,38.000000,1,1,2,-323.320835,-403.998535,-457.904596,-514.517064,-628.847705 
08/11/2002 00:00,731528.000000,38.000000,1,1,2,-325.323776,-410.451565,-467.090075,-524.772849,-627.682998 
08/11/2002 00:00,731528.000000,38.000000,1,1,2,-322.883373,-400.057832,-448.078891,-493.704029,-578.812373 
08/11/2002 00:00,731528.000000,38.000000,1,1,2,-324.295935,-408.754485,-474.104782,-574.172751,-825.427119 
09/11/2002 00:00,731529.000000,39.000000,1,1,2,-315.602963,-377.727009,-440.599027,-497.478478,-573.445686 
09/11/2002 00:00,731529.000000,39.000000,1,1,2,-317.373617,-383.635452,-450.126676,-508.545111,-575.891898 
09/11/2002 00:00,731529.000000,39.000000,1,1,2,-315.013745,-373.966849,-431.179002,-477.669512,-526.683027 
09/11/2002 00:00,731529.000000,39.000000,1,1,2,-316.609194,-381.585982,-455.577212,-554.649626,-762.580495 
10/11/2002 00:00,731530.000000,40.000000,1,1,2,-356.443207,-366.137452,-420.928901,-477.896573,-520.791518 
10/11/2002 00:00,731530.000000,40.000000,1,1,2,-358.392934,-371.547474,-430.590460,-489.826343,-526.528219 
10/11/2002 00:00,731530.000000,40.000000,1,1,2,-355.560073,-362.415312,-411.903694,-459.068867,-476.992147 
10/11/2002 00:00,731530.000000,40.000000,1,1,2,-357.597311,-369.280074,-434.422722,-532.181894,-702.979832 
11/11/2002 00:00,731531.000000,41.000000,1,1,2,-393.054707,-370.632081,-404.890064,-456.546511,-469.844551 
11/11/2002 00:00,731531.000000,41.000000,1,1,2,-395.053052,-375.690175,-414.456310,-469.279312,-478.652191 
11/11/2002 00:00,731531.000000,41.000000,1,1,2,-391.990855,-366.811603,-396.197075,-438.706035,-428.690799 
11/11/2002 00:00,731531.000000,41.000000,1,1,2,-394.323689,-373.259066,-416.855747,-507.458109,-645.380140 
12/11/2002 00:00,731532.000000,42.000000,1,1,2,-412.822111,-381.014961,-395.685072,-435.559862,-420.089304 
12/11/2002 00:00,731532.000000,42.000000,1,1,2,-415.153731,-385.846196,-405.005253,-448.905406,-431.781474 
12/11/2002 00:00,731532.000000,42.000000,1,1,2,-411.704175,-377.115177,-387.250777,-418.718022,-381.270404 
12/11/2002 00:00,731532.000000,42.000000,1,1,2,-414.505113,-383.304155,-406.255986,-482.737100,-589.113372 
13/11/2002 00:00,731533.000000,43.000000,1,1,2,-252.183942,-361.359857,-387.642298,-416.406875,-371.521371 
13/11/2002 00:00,731533.000000,43.000000,1,1,2,-253.173808,-366.037451,-396.710020,-430.122770,-385.895670 
13/11/2002 00:00,731533.000000,43.000000,1,1,2,-252.090444,-357.448214,-379.396547,-400.549815,-334.725206 
13/11/2002 00:00,731533.000000,43.000000,1,1,2,-253.181745,-363.373964,-396.959553,-459.721358,-534.181036 
14/11/2002 00:00,731534.000000,44.000000,1,1,2,-221.413966,-310.496238,-370.450620,-397.724000,-324.047979 
14/11/2002 00:00,731534.000000,44.000000,1,1,2,-222.226182,-314.462946,-379.231169,-411.611832,-340.892851 
14/11/2002 00:00,731534.000000,44.000000,1,1,2,-221.063271,-307.179189,-362.441121,-382.822515,-288.923541 
14/11/2002 00:00,731534.000000,44.000000,1,1,2,-221.971561,-312.032052,-378.376133,-437.016688,-480.653625 
15/11/2002 00:00,731535.000000,45.000000,1,1,2,-332.679649,-298.130392,-344.619611,-376.846926,-276.897397 
15/11/2002 00:00,731535.000000,45.000000,1,1,2,-334.293219,-301.653714,-352.871509,-390.702295,-296.028898 
15/11/2002 00:00,731535.000000,45.000000,1,1,2,-331.407239,-294.872819,-337.026468,-362.930845,-243.023205 
15/11/2002 00:00,731535.000000,45.000000,1,1,2,-333.474923,-299.166044,-350.765932,-411.503075,-427.883752 
16/11/2002 00:00,731536.000000,46.000000,1,1,2,-363.454103,-315.102109,-327.465351,-354.338207,-229.049245 
16/11/2002 00:00,731536.000000,46.000000,1,1,2,-366.111263,-318.818707,-335.141249,-367.842935,-250.298314 
16/11/2002 00:00,731536.000000,46.000000,1,1,2,-362.460721,-311.598741,-320.196378,-341.490811,-195.941639 
16/11/2002 00:00,731536.000000,46.000000,1,1,2,-365.599519,-316.114903,-331.983077,-383.392962,-374.773970 
17/11/2002 00:00,731537.000000,47.000000,1,1,2,-381.153473,-334.352153,-324.078094,-334.890425,-180.413644 
17/11/2002 00:00,731537.000000,47.000000,1,1,2,-383.920689,-338.169808,-331.288406,-347.694879,-203.545460 
17/11/2002 00:00,731537.000000,47.000000,1,1,2,-380.325261,-330.842022,-317.017188,-323.009596,-147.537781 
17/11/2002 00:00,731537.000000,47.000000,1,1,2,-383.620446,-335.441695,-327.342175,-358.019233,-321.123367 
18/11/2002 00:00,731538.000000,48.000000,1,1,2,-428.712964,-359.685364,-330.649500,-322.014014,-132.238303 
18/11/2002 00:00,731538.000000,48.000000,1,1,2,-431.907600,-363.551345,-337.419888,-334.001100,-156.851621 
18/11/2002 00:00,731538.000000,48.000000,1,1,2,-427.665094,-356.206705,-323.696593,-310.309172,-98.920815 
18/11/2002 00:00,731538.000000,48.000000,1,1,2,-431.583007,-360.902920,-332.990532,-340.194704,-268.316112 
19/11/2002 00:00,731539.000000,49.000000,1,1,2,-460.359198,-386.110464,-343.785580,-314.711158,-86.526565 
19/11/2002 00:00,731539.000000,49.000000,1,1,2,-464.064726,-390.105470,-350.288231,-326.478797,-111.952711 
19/11/2002 00:00,731539.000000,49.000000,1,1,2,-459.102725,-382.527648,-336.476208,-300.587928,-51.593339 
19/11/2002 00:00,731539.000000,49.000000,1,1,2,-463.788763,-387.600970,-345.951241,-331.385435,-218.527924 
20/11/2002 00:00,731540.000000,50.000000,1,1,2,-473.651297,-408.479496,-358.934429,-307.147220,-44.668417 
20/11/2002 00:00,731540.000000,50.000000,1,1,2,-477.972077,-412.772816,-365.641072,-320.668156,-70.370920 
20/11/2002 00:00,731540.000000,50.000000,1,1,2,-472.239554,-404.595633,-350.226467,-284.921865,-5.275526 
20/11/2002 00:00,731540.000000,50.000000,1,1,2,-477.869745,-410.561174,-362.507288,-330.468364,-173.695527 
21/11/2002 00:00,731541.000000,51.000000,1,1,2,-473.084161,-424.793464,-371.738384,-289.201174,-2.467152 
21/11/2002 00:00,731541.000000,51.000000,1,1,2,-478.028805,-429.629937,-379.712471,-309.501040,-32.005464 
21/11/2002 00:00,731541.000000,51.000000,1,1,2,-471.572928,-420.435060,-360.379925,-252.278173,44.765679 
21/11/2002 00:00,731541.000000,51.000000,1,1,2,-478.203811,-427.917113,-379.419114,-334.276725,-135.150736 
22/11/2002 00:00,731542.000000,52.000000,1,1,2,-469.191849,-435.251163,-377.059632,-241.570002,59.311665 
22/11/2002 00:00,731542.000000,52.000000,1,1,2,-474.788286,-441.165103,-389.614328,-284.011594,10.523062 
22/11/2002 00:00,731542.000000,52.000000,1,1,2,-468.328937,-432.634335,-376.326444,-247.621214,48.053429 
22/11/2002 00:00,731542.000000,52.000000,1,1,2,-475.287156,-440.241727,-394.558906,-338.483251,-103.615343 
23/11/2002 00:00,731543.000000,53.000000,1,1,2,-485.629759,-445.905887,-385.617576,-214.937703,83.983292 
23/11/2002 00:00,731543.000000,53.000000,1,1,2,-491.183361,-451.723382,-395.999091,-249.022862,50.816462 
23/11/2002 00:00,731543.000000,53.000000,1,1,2,-484.648059,-443.425346,-387.104248,-233.232365,64.152143 
23/11/2002 00:00,731543.000000,53.000000,1,1,2,-491.904861,-451.667461,-407.324237,-339.443167,-78.932157 
24/11/2002 00:00,731544.000000,54.000000,1,1,2,-514.000370,-457.621657,-385.958966,-169.370154,132.791646 
24/11/2002 00:00,731544.000000,54.000000,1,1,2,-518.962752,-464.778817,-404.902309,-230.585602,68.020917 
24/11/2002 00:00,731544.000000,54.000000,1,1,2,-512.576799,-454.745367,-386.296978,-183.082971,119.057655 
24/11/2002 00:00,731544.000000,54.000000,1,1,2,-519.963039,-464.951769,-418.335421,-336.029418,-59.740304 
25/11/2002 00:00,731545.000000,55.000000,1,1,2,-561.580829,-472.363771,-375.373006,-110.119331,195.340514 
25/11/2002 00:00,731545.000000,55.000000,1,1,2,-564.878628,-482.206319,-414.832945,-221.232133,76.789437 
25/11/2002 00:00,731545.000000,55.000000,1,1,2,-559.737202,-469.303308,-375.602482,-117.820216,187.234294 
25/11/2002 00:00,731545.000000,55.000000,1,1,2,-565.741341,-482.409622,-428.691491,-329.101931,-43.770042 
26/11/2002 00:00,731546.000000,56.000000,1,1,2,-578.465516,-484.950461,-355.751931,-63.084640,242.557259 
26/11/2002 00:00,731546.000000,56.000000,1,1,2,-583.641010,-499.531147,-426.980878,-224.540258,72.418375 
26/11/2002 00:00,731546.000000,56.000000,1,1,2,-576.453683,-481.959594,-357.052561,-67.661116,236.435362 
26/11/2002 00:00,731546.000000,56.000000,1,1,2,-584.776224,-499.503499,-438.659420,-319.597514,-28.761780 
27/11/2002 00:00,731547.000000,57.000000,1,1,2,-586.785789,-494.359484,-333.501305,-34.126439,271.279935 
27/11/2002 00:00,731547.000000,57.000000,1,1,2,-594.614844,-515.167250,-440.662995,-238.237581,57.871780 
27/11/2002 00:00,731547.000000,57.000000,1,1,2,-584.577202,-490.948173,-332.195017,-32.207335,270.142537 
27/11/2002 00:00,731547.000000,57.000000,1,1,2,-595.894097,-514.678023,-447.816931,-307.975032,-13.418565 
28/11/2002 00:00,731548.000000,58.000000,1,1,2,-468.282697,-486.381104,-309.305484,-8.587719,298.967145 
28/11/2002 00:00,731548.000000,58.000000,1,1,2,-489.024267,-515.291313,-451.121235,-249.949553,46.588241 
28/11/2002 00:00,731548.000000,58.000000,1,1,2,-467.924564,-482.797914,-306.226251,-5.273168,295.231700 
28/11/2002 00:00,731548.000000,58.000000,1,1,2,-490.885776,-514.480030,-454.172836,-293.427245,3.931158 
29/11/2002 00:00,731549.000000,59.000000,1,1,2,-389.379271,-460.768643,-268.156483,35.115151,343.662084 
29/11/2002 00:00,731549.000000,59.000000,1,1,2,-399.887277,-498.180715,-451.773934,-239.220190,59.754137 
29/11/2002 00:00,731549.000000,59.000000,1,1,2,-389.097514,-459.601192,-276.614226,24.377325,321.830076 
29/11/2002 00:00,731549.000000,59.000000,1,1,2,-401.027119,-497.778059,-456.754934,-280.883326,17.860581 
30/11/2002 00:00,731550.000000,60.000000,1,1,2,-439.222165,-435.345010,-208.808281,95.223510,400.985706 
30/11/2002 00:00,731550.000000,60.000000,1,1,2,-453.085280,-483.314347,-446.015484,-218.384863,81.795079 
30/11/2002 00:00,731550.000000,60.000000,1,1,2,-441.900616,-444.963447,-262.933664,35.899645,337.446726 
30/11/2002 00:00,731550.000000,60.000000,1,1,2,-454.391027,-483.690293,-456.376713,-272.026338,26.503173 
01/12/2002 00:00,731551.000000,61.000000,1,1,2,-473.741983,-415.577421,-147.051589,158.844545,461.283266 
01/12/2002 00:00,731551.000000,61.000000,1,1,2,-494.971511,-481.338669,-430.224838,-171.538896,131.993827 
01/12/2002 00:00,731551.000000,61.000000,1,1,2,-482.250542,-443.914335,-254.260427,44.058604,348.313689 
01/12/2002 00:00,731551.000000,61.000000,1,1,2,-496.990988,-483.436487,-453.968428,-260.481957,38.448059 
02/12/2002 00:00,731552.000000,62.000000,1,1,2,-480.353425,-387.435332,-87.064583,220.675341,523.410989 
02/12/2002 00:00,731552.000000,62.000000,1,1,2,-513.686588,-483.783985,-411.865549,-133.615195,169.334969 
02/12/2002 00:00,731552.000000,62.000000,1,1,2,-498.171363,-443.970168,-236.621160,62.768647,367.660954 
02/12/2002 00:00,731552.000000,62.000000,1,1,2,-516.997476,-488.193194,-451.895918,-249.735229,49.188402 
03/12/2002 00:00,731553.000000,63.000000,1,1,2,-487.934225,-342.786036,-26.061496,283.973454,587.208447 
03/12/2002 00:00,731553.000000,63.000000,1,1,2,-542.868707,-490.538120,-400.181962,-120.096113,179.427095 
03/12/2002 00:00,731553.000000,63.000000,1,1,2,-524.254531,-444.456271,-214.119664,86.190583,388.805336 
03/12/2002 00:00,731553.000000,63.000000,1,1,2,-546.739556,-496.671803,-450.517378,-239.233536,59.755059 
04/12/2002 00:00,731554.000000,64.000000,1,1,2,-474.365342,-279.318940,34.781160,343.470229,646.710178 
04/12/2002 00:00,731554.000000,64.000000,1,1,2,-566.540275,-500.997437,-401.260074,-128.552753,167.557526 
04/12/2002 00:00,731554.000000,64.000000,1,1,2,-543.019046,-443.196622,-189.144303,112.009875,412.823009 
04/12/2002 00:00,731554.000000,64.000000,1,1,2,-570.706185,-507.382969,-450.305468,-230.628814,68.270641 
05/12/2002 00:00,731555.000000,65.000000,1,1,2,-441.672124,-215.421601,90.610654,396.924063,700.178930 
05/12/2002 00:00,731555.000000,65.000000,1,1,2,-586.121251,-512.773151,-407.217140,-140.202324,155.616129 
05/12/2002 00:00,731555.000000,65.000000,1,1,2,-555.792640,-439.209060,-166.409878,135.011114,435.731530 
05/12/2002 00:00,731555.000000,65.000000,1,1,2,-590.514203,-518.973881,-451.387923,-224.916344,73.788532 
06/12/2002 00:00,731556.000000,66.000000,1,1,2,-400.918024,-167.840794,137.739087,441.267087,743.244210 
06/12/2002 00:00,731556.000000,66.000000,1,1,2,-602.581903,-525.295405,-419.019857,-160.912616,134.045006 
06/12/2002 00:00,731556.000000,66.000000,1,1,2,-563.058045,-431.001607,-143.556401,158.426067,458.967934 
06/12/2002 00:00,731556.000000,66.000000,1,1,2,-607.031052,-530.649443,-453.430593,-221.488128,77.077358 
07/12/2002 00:00,731557.000000,67.000000,1,1,2,-362.849944,-132.252296,172.538805,474.855638,776.282600 
07/12/2002 00:00,731557.000000,67.000000,1,1,2,-616.495783,-537.380906,-430.614036,-179.477399,116.065169 
07/12/2002 00:00,731557.000000,67.000000,1,1,2,-565.818846,-419.964374,-124.323291,177.725402,478.295547 
07/12/2002 00:00,731557.000000,67.000000,1,1,2,-620.979843,-541.980641,-456.223681,-220.115995,78.324886 
08/12/2002 00:00,731558.000000,68.000000,1,1,2,-327.158543,-103.135603,200.793520,502.729530,803.907451 
08/12/2002 00:00,731558.000000,68.000000,1,1,2,-603.165135,-543.780653,-423.853745,-149.856039,152.084463 
08/12/2002 00:00,731558.000000,68.000000,1,1,2,-548.572380,-406.061038,-107.814252,194.126643,494.670028 
08/12/2002 00:00,731558.000000,68.000000,1,1,2,-607.001803,-549.890059,-459.327428,-220.357815,77.989706 
09/12/2002 00:00,731559.000000,69.000000,1,1,2,-302.872575,-80.205798,223.108729,524.741409,825.711629 
09/12/2002 00:00,731559.000000,69.000000,1,1,2,-599.822762,-546.914980,-409.408875,-117.911095,184.439320 
09/12/2002 00:00,731559.000000,69.000000,1,1,2,-537.898146,-391.948200,-93.285482,208.534278,509.037741 
09/12/2002 00:00,731559.000000,69.000000,1,1,2,-604.315408,-555.727444,-462.091052,-220.579892,77.841113 
10/12/2002 00:00,731560.000000,70.000000,1,1,2,-286.365512,-63.668225,239.163533,540.470452,841.220550 
10/12/2002 00:00,731560.000000,70.000000,1,1,2,-604.310221,-548.766182,-392.974444,-95.891331,204.873109 
10/12/2002 00:00,731560.000000,70.000000,1,1,2,-532.859915,-379.272641,-80.785877,220.891043,521.320708 
10/12/2002 00:00,731560.000000,70.000000,1,1,2,-609.904922,-560.960957,-463.940357,-218.940025,79.759330 
11/12/2002 00:00,731561.000000,71.000000,1,1,2,-274.070630,-50.969090,251.846931,553.170443,853.923434 
11/12/2002 00:00,731561.000000,71.000000,1,1,2,-612.796351,-550.907053,-381.361980,-86.025095,212.588270 
11/12/2002 00:00,731561.000000,71.000000,1,1,2,-530.955922,-368.825913,-70.690911,230.806128,531.189926 
11/12/2002 00:00,731561.000000,71.000000,1,1,2,-619.650132,-566.357098,-465.243854,-216.780613,82.050119 
12/12/2002 00:00,731562.000000,72.000000,1,1,2,-263.298988,-39.299339,263.726357,565.122750,865.900838 
12/12/2002 00:00,731562.000000,72.000000,1,1,2,-628.118188,-554.835214,-378.191045,-86.965978,209.917690 
12/12/2002 00:00,731562.000000,72.000000,1,1,2,-533.551986,-359.953583,-61.335177,240.253363,540.679688 
12/12/2002 00:00,731562.000000,72.000000,1,1,2,-636.336645,-572.730604,-466.521316,-215.347397,83.468449 
13/12/2002 00:00,731563.000000,73.000000,1,1,2,-252.553054,-28.288988,274.797372,576.187027,876.937803 
13/12/2002 00:00,731563.000000,73.000000,1,1,2,-641.140410,-560.568534,-383.494800,-97.398644,198.223146 
13/12/2002 00:00,731563.000000,73.000000,1,1,2,-533.184156,-351.396565,-52.056996,249.709329,550.210084 
13/12/2002 00:00,731563.000000,73.000000,1,1,2,-650.494753,-579.755640,-468.139781,-215.204603,83.520511 
14/12/2002 00:00,731564.000000,74.000000,1,1,2,-241.043419,-17.316767,285.612815,586.918105,887.593348 
14/12/2002 00:00,731564.000000,74.000000,1,1,2,-636.605129,-565.223997,-389.316718,-105.340272,190.778431 
14/12/2002 00:00,731564.000000,74.000000,1,1,2,-520.476600,-341.914230,-42.525308,259.341869,559.900091 
14/12/2002 00:00,731564.000000,74.000000,1,1,2,-646.470821,-585.421483,-470.257180,-216.750743,81.821578 
15/12/2002 00:00,731565.000000,75.000000,1,1,2,-232.090718,-8.395389,294.373329,595.611060,896.215499 
15/12/2002 00:00,731565.000000,75.000000,1,1,2,-629.539729,-567.733470,-390.180066,-103.705070,193.716773 
15/12/2002 00:00,731565.000000,75.000000,1,1,2,-508.336198,-332.574766,-33.534133,268.308277,568.889263 
15/12/2002 00:00,731565.000000,75.000000,1,1,2,-639.892930,-589.388059,-472.355440,-218.340194,80.255139 
16/12/2002 00:00,731566.000000,76.000000,1,1,2,-228.434468,-4.205782,298.538777,599.797687,900.380837 
16/12/2002 00:00,731566.000000,76.000000,1,1,2,-642.387345,-570.175716,-386.142395,-95.145620,203.187713 
16/12/2002 00:00,731566.000000,76.000000,1,1,2,-510.137515,-325.656134,-26.703656,275.096736,575.696968 
16/12/2002 00:00,731566.000000,76.000000,1,1,2,-653.860906,-593.882576,-473.718773,-217.626336,81.267999 
17/12/2002 00:00,731567.000000,77.000000,1,1,2,-224.712062,-0.250720,302.529523,603.864487,904.473630 
17/12/2002 00:00,731567.000000,77.000000,1,1,2,-656.591827,-573.805590,-384.856120,-94.427981,202.735016 
17/12/2002 00:00,731567.000000,77.000000,1,1,2,-512.705779,-321.703554,-23.023232,278.750803,579.383136 
17/12/2002 00:00,731567.000000,77.000000,1,1,2,-669.320191,-599.335580,-474.698471,-216.181752,82.848394 
18/12/2002 00:00,731568.000000,78.000000,1,1,2,-219.346034,5.313357,308.146694,609.694790,910.398864 
18/12/2002 00:00,731568.000000,78.000000,1,1,2,-668.892593,-578.975197,-390.419648,-104.358695,191.446671 
18/12/2002 00:00,731568.000000,78.000000,1,1,2,-514.081713,-319.831742,-21.381163,280.413578,581.068118 
18/12/2002 00:00,731568.000000,78.000000,1,1,2,-682.731551,-605.379857,-475.767245,-215.447622,83.552811 
19/12/2002 00:00,731569.000000,79.000000,1,1,2,-213.851776,10.863253,313.582506,615.163725,915.876410 
19/12/2002 00:00,731569.000000,79.000000,1,1,2,-680.107526,-585.697859,-402.922161,-123.875795,170.901182 
19/12/2002 00:00,731569.000000,79.000000,1,1,2,-515.238455,-319.197902,-20.882543,281.061442,581.782368 
19/12/2002 00:00,731569.000000,79.000000,1,1,2,-694.730441,-611.744728,-477.282335,-216.118952,82.759717 
20/12/2002 00:00,731570.000000,80.000000,1,1,2,-209.289764,15.433323,317.717768,619.082302,919.699871 
20/12/2002 00:00,731570.000000,80.000000,1,1,2,-691.229826,-593.151137,-416.308654,-143.063779,152.127860 
20/12/2002 00:00,731570.000000,80.000000,1,1,2,-516.929417,-319.171328,-20.871252,281.277491,582.104718 
20/12/2002 00:00,731570.000000,80.000000,1,1,2,-706.336899,-618.333578,-479.465304,-218.394716,80.326035 
21/12/2002 00:00,731571.000000,81.000000,1,1,2,-208.672360,16.093991,318.211261,619.480081,920.046512 
21/12/2002 00:00,731571.000000,81.000000,1,1,2,-708.211346,-600.290905,-420.006393,-140.720610,157.723980 
21/12/2002 00:00,731571.000000,81.000000,1,1,2,-523.316346,-319.294356,-20.650944,281.526137,582.376081 
21/12/2002 00:00,731571.000000,81.000000,1,1,2,-723.231497,-625.565528,-482.107798,-221.136085,77.553121 
22/12/2002 00:00,731572.000000,82.000000,1,1,2,-210.624324,14.169394,316.328231,617.597443,918.152395 
22/12/2002 00:00,731572.000000,82.000000,1,1,2,-731.717116,-607.267610,-414.519975,-123.039586,177.640138 
22/12/2002 00:00,731572.000000,82.000000,1,1,2,-531.150359,-319.852397,-20.860937,281.401535,582.286168 
22/12/2002 00:00,731572.000000,82.000000,1,1,2,-747.654209,-633.962481,-484.604287,-222.325994,76.573121 
23/12/2002 00:00,731573.000000,83.000000,1,1,2,-211.697481,13.182721,315.154885,616.364297,916.911045 
23/12/2002 00:00,731573.000000,83.000000,1,1,2,-755.132409,-614.328468,-407.009679,-110.794603,189.125901 
23/12/2002 00:00,731573.000000,83.000000,1,1,2,-537.761917,-320.797595,-21.553034,280.729461,581.621311 
23/12/2002 00:00,731573.000000,83.000000,1,1,2,-772.299415,-643.285618,-486.753952,-221.991362,77.135759 
24/12/2002 00:00,731574.000000,84.000000,1,1,2,-210.934834,14.002544,315.919466,617.144609,917.719766 
24/12/2002 00:00,731574.000000,84.000000,1,1,2,-774.876106,-621.781212,-404.483845,-110.846514,187.275041 
24/12/2002 00:00,731574.000000,84.000000,1,1,2,-542.010717,-322.212714,-22.908774,279.277733,580.131979 
24/12/2002 00:00,731574.000000,84.000000,1,1,2,-793.567703,-653.028111,-488.978598,-222.130152,77.006210 
25/12/2002 00:00,731575.000000,85.000000,1,1,2,-209.152179,15.902824,317.975584,619.303027,919.931783 
25/12/2002 00:00,731575.000000,85.000000,1,1,2,-805.546526,-631.463799,-411.310586,-124.670895,171.533336 
25/12/2002 00:00,731575.000000,85.000000,1,1,2,-549.806908,-324.631520,-25.249371,276.765691,577.546866 
25/12/2002 00:00,731575.000000,85.000000,1,1,2,-828.360294,-664.254214,-491.731669,-223.706715,75.320564 
26/12/2002 00:00,731576.000000,86.000000,1,1,2,-208.680517,16.464306,318.783959,620.229327,920.904830 
26/12/2002 00:00,731576.000000,86.000000,1,1,2,-839.619623,-643.704153,-426.256897,-149.012856,145.904777 
26/12/2002 00:00,731576.000000,86.000000,1,1,2,-559.755380,-327.958644,-28.416878,273.360679,574.021509 
26/12/2002 00:00,731576.000000,86.000000,1,1,2,-865.495095,-676.744197,-495.224187,-226.691743,72.219631 
27/12/2002 00:00,731577.000000,87.000000,1,1,2,-208.326049,16.747865,319.085999,620.505418,921.152980 
27/12/2002 00:00,731577.000000,87.000000,1,1,2,-863.542963,-656.296675,-438.975924,-164.748152,131.645376 
27/12/2002 00:00,731577.000000,87.000000,1,1,2,-564.192668,-332.146942,-32.843308,268.669735,569.208715 
27/12/2002 00:00,731577.000000,87.000000,1,1,2,-892.092665,-689.357116,-499.429773,-230.781760,68.042481 
28/12/2002 00:00,731578.000000,88.000000,1,1,2,-209.049557,15.902883,318.131527,619.456510,920.046551 
28/12/2002 00:00,731578.000000,88.000000,1,1,2,-878.092817,-667.063650,-440.411728,-153.336582,146.936301 
28/12/2002 00:00,731578.000000,88.000000,1,1,2,-565.738814,-336.822779,-37.932685,263.269450,563.680261 
28/12/2002 00:00,731578.000000,88.000000,1,1,2,-908.974990,-701.312692,-503.915110,-234.698309,64.182431 
29/12/2002 00:00,731579.000000,89.000000,1,1,2,-208.402284,16.450145,318.429408,619.625257,920.160590 
29/12/2002 00:00,731579.000000,89.000000,1,1,2,-879.237710,-674.863924,-433.925543,-134.138454,167.412235 
29/12/2002 00:00,731579.000000,89.000000,1,1,2,-563.080415,-340.909186,-42.438470,258.570468,558.899445 
29/12/2002 00:00,731579.000000,89.000000,1,1,2,-911.998571,-711.671902,-507.773486,-236.172545,63.027225 
30/12/2002 00:00,731580.000000,90.000000,1,1,2,-207.548351,17.265823,319.241873,620.438573,920.976567 
30/12/2002 00:00,731580.000000,90.000000,1,1,2,-876.195964,-680.219291,-427.454046,-126.491958,173.502768 
30/12/2002 00:00,731580.000000,90.000000,1,1,2,-560.940636,-344.246198,-46.074680,254.801914,555.079767 
30/12/2002 00:00,731580.000000,90.000000,1,1,2,-910.614556,-720.408024,-511.191409,-237.375243,61.912888 
31/12/2002 00:00,731581.000000,91.000000,1,1,2,-208.216384,16.598562,318.738051,620.007157,920.570596 
31/12/2002 00:00,731581.000000,91.000000,1,1,2,-878.405334,-684.918167,-428.079350,-133.348737,164.525602 
31/12/2002 00:00,731581.000000,91.000000,1,1,2,-562.821094,-347.258819,-49.163689,251.674575,551.937884 
31/12/2002 00:00,731581.000000,91.000000,1,1,2,-914.613227,-728.203428,-514.519786,-239.457433,59.781977 
01/01/2003 00:00,731582.000000,92.000000,1,1,2,-210.077759,14.698191,316.830304,618.083756,918.633936 
01/01/2003 00:00,731582.000000,92.000000,1,1,2,-880.621464,-690.321298,-438.920321,-155.053017,140.742738 
01/01/2003 00:00,731582.000000,92.000000,1,1,2,-564.892354,-350.103275,-52.093539,248.657603,548.889931 
01/01/2003 00:00,731582.000000,92.000000,1,1,2,-918.404783,-735.240952,-518.065934,-242.841947,56.285279 
02/01/2003 00:00,731583.000000,93.000000,1,1,2,-213.131412,11.580738,313.464976,614.583446,915.070870 
02/01/2003 00:00,731583.000000,93.000000,1,1,2,-880.694819,-696.493550,-454.872196,-181.771472,113.519642 
02/01/2003 00:00,731583.000000,93.000000,1,1,2,-566.046719,-353.010763,-55.264547,245.329881,545.503789 
02/01/2003 00:00,731583.000000,93.000000,1,1,2,-919.504093,-741.506209,-522.011722,-247.537274,51.462788 
03/01/2003 00:00,731584.000000,94.000000,1,1,2,-219.544099,5.089823,307.416469,608.696049,909.225987 
03/01/2003 00:00,731584.000000,94.000000,1,1,2,-877.395635,-702.207146,-466.418483,-194.121763,103.264084 
03/01/2003 00:00,731584.000000,94.000000,1,1,2,-567.566716,-356.718227,-59.606129,240.700180,540.773846 
03/01/2003 00:00,731584.000000,94.000000,1,1,2,-916.585280,-746.857504,-526.086332,-252.212671,46.794659 
04/01/2003 00:00,731585.000000,95.000000,1,1,2,-223.652312,0.989380,303.622451,605.055679,905.654321 
04/01/2003 00:00,731585.000000,95.000000,1,1,2,-872.071806,-706.164952,-466.928415,-178.096060,123.084392 
04/01/2003 00:00,731585.000000,95.000000,1,1,2,-570.136539,-361.838050,-65.756155,234.129509,534.071136 
04/01/2003 00:00,731585.000000,95.000000,1,1,2,-911.285472,-751.206925,-529.396322,-254.006027,45.323554 
05/01/2003 00:00,731586.000000,96.000000,1,1,2,-225.651121,-0.960761,301.859404,603.412581,904.076566 
05/01/2003 00:00,731586.000000,96.000000,1,1,2,-867.211208,-708.056870,-459.014563,-154.971245,147.411237 
05/01/2003 00:00,731586.000000,96.000000,1,1,2,-572.886467,-367.934012,-72.984591,226.541419,526.373463 
05/01/2003 00:00,731586.000000,96.000000,1,1,2,-906.017078,-754.678243,-532.119886,-255.183881,44.243068 
06/01/2003 00:00,731587.000000,97.000000,1,1,2,-227.350709,-2.708365,300.138029,601.559250,902.177033 
06/01/2003 00:00,731587.000000,97.000000,1,1,2,-869.016612,-709.124745,-452.429738,-150.020889,150.018337 
06/01/2003 00:00,731587.000000,97.000000,1,1,2,-576.731330,-374.674553,-80.848311,218.393922,518.141544 
06/01/2003 00:00,731587.000000,97.000000,1,1,2,-902.623610,-757.527225,-534.607687,-256.998076,42.387820 
07/01/2003 00:00,731588.000000,98.000000,1,1,2,-229.779778,-5.206289,297.532055,598.831821,899.398870 
07/01/2003 00:00,731588.000000,98.000000,1,1,2,-869.001826,-710.458784,-454.867516,-163.064374,134.420445 
07/01/2003 00:00,731588.000000,98.000000,1,1,2,-581.561735,-381.969130,-89.338861,209.649104,509.323142 
07/01/2003 00:00,731588.000000,98.000000,1,1,2,-905.306854,-760.320428,-537.129707,-259.662661,39.647186 
08/01/2003 00:00,731589.000000,99.000000,1,1,2,-233.075142,-8.587107,294.005775,595.179651,895.690495 
08/01/2003 00:00,731589.000000,99.000000,1,1,2,-868.886786,-713.021572,-466.980772,-189.730278,105.912286 
08/01/2003 00:00,731589.000000,99.000000,1,1,2,-587.178701,-389.763678,-98.443058,200.314292,499.924662 
08/01/2003 00:00,731589.000000,99.000000,1,1,2,-907.128695,-763.010856,-539.755183,-262.787916,36.479061 
09/01/2003 00:00,731590.000000,100.000000,1,1,2,-237.042413,-12.637866,289.789782,590.855826,891.324964 
09/01/2003 00:00,731590.000000,100.000000,1,1,2,-869.650952,-716.719806,-482.378439,-217.636233,77.996762 
09/01/2003 00:00,731590.000000,100.000000,1,1,2,-593.553459,-397.817558,-107.765032,190.846594,490.419923 
09/01/2003 00:00,731590.000000,100.000000,1,1,2,-908.728075,-765.593351,-542.421448,-265.903387,33.367210 
10/01/2003 00:00,731591.000000,101.000000,1,1,2,-241.350333,-16.706574,285.741172,586.815036,887.308654 
10/01/2003 00:00,731591.000000,101.000000,1,1,2,-883.169314,-721.679303,-494.818725,-233.490826,63.750708 
10/01/2003 00:00,731591.000000,101.000000,1,1,2,-607.415706,-406.599162,-117.278576,181.254977,480.931753 
10/01/2003 00:00,731591.000000,101.000000,1,1,2,-922.274132,-768.803991,-544.529767,-266.614968,32.915095 
11/01/2003 00:00,731592.000000,102.000000,1,1,2,-246.316471,-20.068323,283.049006,584.476697,885.191155 
11/01/2003 00:00,731592.000000,102.000000,1,1,2,-959.038566,-730.591804,-494.501647,-206.994311,95.381727 
11/01/2003 00:00,731592.000000,102.000000,1,1,2,-653.730093,-418.271013,-126.829539,171.865945,471.668873 
11/01/2003 00:00,731592.000000,102.000000,1,1,2,-1002.389430,-776.905784,-547.178484,-269.547960,29.743556 
12/01/2003 00:00,731593.000000,103.000000,1,1,2,-246.446283,-20.206083,282.976661,584.429259,885.169806 
12/01/2003 00:00,731593.000000,103.000000,1,1,2,-1012.503013,-740.061133,-483.809564,-171.613630,132.420764 
12/01/2003 00:00,731593.000000,103.000000,1,1,2,-680.443055,-429.220666,-135.444404,163.514709,463.451194 
12/01/2003 00:00,731593.000000,103.000000,1,1,2,-1060.387946,-787.360510,-550.261892,-272.504316,26.774797 
13/01/2003 00:00,731594.000000,104.000000,1,1,2,-244.482774,-18.997433,283.897813,585.204058,885.861645 
13/01/2003 00:00,731594.000000,104.000000,1,1,2,-1025.372649,-747.726182,-474.938162,-166.522543,133.932456 
13/01/2003 00:00,731594.000000,104.000000,1,1,2,-683.036097,-437.650009,-142.916679,156.225018,456.254813 
13/01/2003 00:00,731594.000000,104.000000,1,1,2,-1076.582829,-797.335580,-553.587581,-275.308259,23.989910 
14/01/2003 00:00,731595.000000,105.000000,1,1,2,-243.709852,-18.782548,283.787208,584.928450,885.487809 
14/01/2003 00:00,731595.000000,105.000000,1,1,2,-1017.617506,-753.809760,-476.283965,-181.061378,116.695390 
14/01/2003 00:00,731595.000000,105.000000,1,1,2,-677.194298,-443.988566,-149.514911,149.718157,449.764686 
14/01/2003 00:00,731595.000000,105.000000,1,1,2,-1070.745792,-805.733220,-557.158973,-278.749221,20.490415 
15/01/2003 00:00,731596.000000,106.000000,1,1,2,-245.113833,-20.281865,282.102235,583.148449,883.652656 
15/01/2003 00:00,731596.000000,106.000000,1,1,2,-1014.654261,-759.958879,-487.406534,-207.868434,88.234864 
15/01/2003 00:00,731596.000000,106.000000,1,1,2,-676.832861,-449.843579,-156.284657,142.868165,442.878825 
15/01/2003 00:00,731596.000000,106.000000,1,1,2,-1069.265366,-813.059480,-560.774543,-281.970808,17.319854 
16/01/2003 00:00,731597.000000,107.000000,1,1,2,-247.330343,-22.163187,280.287052,581.369606,881.900342 
16/01/2003 00:00,731597.000000,107.000000,1,1,2,-1028.599848,-767.527655,-503.120659,-237.946246,57.841776 
16/01/2003 00:00,731597.000000,107.000000,1,1,2,-687.360931,-456.828017,-164.376760,134.555251,434.538880 
16/01/2003 00:00,731597.000000,107.000000,1,1,2,-1085.035976,-820.417156,-564.418394,-285.146873,14.166278 
17/01/2003 00:00,731598.000000,108.000000,1,1,2,-244.115556,-19.848991,282.452955,583.457261,883.947238 
17/01/2003 00:00,731598.000000,108.000000,1,1,2,-1002.879425,-773.441461,-515.361416,-251.654115,46.116507 
17/01/2003 00:00,731598.000000,108.000000,1,1,2,-669.620207,-461.958916,-172.189960,126.663816,426.650993 
17/01/2003 00:00,731598.000000,108.000000,1,1,2,-1060.227508,-825.612626,-567.762043,-287.461464,11.942952 
18/01/2003 00:00,731599.000000,109.000000,1,1,2,-213.606381,5.002397,305.537363,605.686693,905.690470 
18/01/2003 00:00,731599.000000,109.000000,1,1,2,-693.031652,-759.973017,-512.914792,-217.935181,85.337238 
18/01/2003 00:00,731599.000000,109.000000,1,1,2,-498.837056,-451.906214,-175.451007,123.394822,423.388135 
18/01/2003 00:00,731599.000000,109.000000,1,1,2,-726.357025,-812.379212,-570.350033,-291.431533,7.781630 
19/01/2003 00:00,731600.000000,110.000000,1,1,2,-202.337152,18.474783,318.901314,618.891783,918.728162 
19/01/2003 00:00,731600.000000,110.000000,1,1,2,-542.092422,-731.114387,-498.647468,-181.726326,122.487797 
19/01/2003 00:00,731600.000000,110.000000,1,1,2,-425.547904,-435.965375,-174.437567,124.319816,424.286487 
19/01/2003 00:00,731600.000000,110.000000,1,1,2,-563.088538,-784.540365,-571.357656,-294.721948,4.508212 
20/01/2003 00:00,731601.000000,111.000000,1,1,2,-218.632727,5.226446,307.459015,608.529013,908.888453 
20/01/2003 00:00,731601.000000,111.000000,1,1,2,-596.355955,-702.008778,-484.978847,-175.716595,124.971557 
20/01/2003 00:00,731601.000000,111.000000,1,1,2,-489.601957,-429.906862,-172.492441,126.187450,426.127275 
20/01/2003 00:00,731601.000000,111.000000,1,1,2,-616.248474,-755.384020,-571.063137,-298.198440,0.950434 
21/01/2003 00:00,731602.000000,112.000000,1,1,2,-227.484866,-3.180109,299.331030,600.603845,901.085547 
21/01/2003 00:00,731602.000000,112.000000,1,1,2,-641.512114,-685.366698,-482.194592,-191.237789,106.433707 
21/01/2003 00:00,731602.000000,112.000000,1,1,2,-536.944749,-432.418417,-170.888567,127.893530,427.834982 
21/01/2003 00:00,731602.000000,112.000000,1,1,2,-661.201566,-737.899115,-570.405332,-302.184697,-3.158133 
22/01/2003 00:00,731603.000000,113.000000,1,1,2,-234.628458,-9.559572,293.190051,594.459624,895.001766 
22/01/2003 00:00,731603.000000,113.000000,1,1,2,-698.624142,-679.450396,-489.348139,-218.263244,77.741989 
22/01/2003 00:00,731603.000000,113.000000,1,1,2,-589.712890,-440.168138,-171.438573,127.371312,427.315045 
22/01/2003 00:00,731603.000000,113.000000,1,1,2,-718.018136,-729.911485,-569.271544,-302.869925,-3.899201 
23/01/2003 00:00,731604.000000,114.000000,1,1,2,-239.681545,-13.397531,289.681354,591.103768,891.781045 
23/01/2003 00:00,731604.000000,114.000000,1,1,2,-780.728530,-683.502461,-501.191856,-247.715712,47.994990 
23/01/2003 00:00,731604.000000,114.000000,1,1,2,-652.506970,-451.640626,-174.466310,124.411757,424.377504 
23/01/2003 00:00,731604.000000,114.000000,1,1,2,-801.936437,-731.130234,-568.176827,-301.938403,-2.783999 
24/01/2003 00:00,731605.000000,115.000000,1,1,2,-239.595915,-13.429950,289.625229,591.032645,891.724662 
24/01/2003 00:00,731605.000000,115.000000,1,1,2,-837.516449,-691.755578,-508.765426,-254.678070,43.626782 
24/01/2003 00:00,731605.000000,115.000000,1,1,2,-686.944740,-462.608684,-179.371995,119.553142,419.544468 
24/01/2003 00:00,731605.000000,115.000000,1,1,2,-861.520845,-736.822932,-567.691880,-301.737527,-2.638551 
25/01/2003 00:00,731606.000000,116.000000,1,1,2,-237.148162,-11.729719,291.088501,592.370944,892.992524 
25/01/2003 00:00,731606.000000,116.000000,1,1,2,-861.338715,-699.397817,-502.001517,-208.638287,95.929011 
25/01/2003 00:00,731606.000000,116.000000,1,1,2,-694.924656,-471.370592,-185.411017,113.513103,413.536821 
25/01/2003 00:00,731606.000000,116.000000,1,1,2,-887.869602,-743.596801,-567.896504,-302.308882,-3.310947 
26/01/2003 00:00,731607.000000,117.000000,1,1,2,-236.003083,-10.945043,291.664746,592.839864,893.393123 
26/01/2003 00:00,731607.000000,117.000000,1,1,2,-874.340975,-705.698651,-490.249007,-182.725123,120.122823 
26/01/2003 00:00,731607.000000,117.000000,1,1,2,-697.535326,-478.267466,-190.854290,108.216069,408.290871 
26/01/2003 00:00,731607.000000,117.000000,1,1,2,-903.073274,-750.489939,-568.691876,-303.357961,-4.466834 
27/01/2003 00:00,731608.000000,118.000000,1,1,2,-235.556983,-10.788089,291.654823,592.743386,893.244333 
27/01/2003 00:00,731608.000000,118.000000,1,1,2,-880.531826,-711.116291,-484.429070,-186.013698,113.269253 
27/01/2003 00:00,731608.000000,118.000000,1,1,2,-697.334955,-484.168832,-196.963720,101.988934,403.070356 
27/01/2003 00:00,731608.000000,118.000000,1,1,2,-911.105382,-757.023838,-570.017506,-305.048264,-6.318345 
28/01/2003 00:00,731609.000000,119.000000,1,1,2,-233.844221,-9.458129,292.866017,593.893823,894.360429 
28/01/2003 00:00,731609.000000,119.000000,1,1,2,-884.036745,-716.525791,-488.696279,-205.941403,91.082872 
28/01/2003 00:00,731609.000000,119.000000,1,1,2,-689.406392,-488.205417,-201.156949,97.983968,399.714331 
28/01/2003 00:00,731609.000000,119.000000,1,1,2,-916.135214,-763.050492,-571.528852,-306.043842,-7.262483 
29/01/2003 00:00,731610.000000,120.000000,1,1,2,-230.739838,-6.676900,295.604899,596.621937,897.080212 
29/01/2003 00:00,731610.000000,120.000000,1,1,2,-859.192686,-720.571826,-500.064876,-234.298479,61.640602 
29/01/2003 00:00,731610.000000,120.000000,1,1,2,-672.905467,-489.906101,-203.473146,95.846157,397.899052 
29/01/2003 00:00,731610.000000,120.000000,1,1,2,-892.563527,-766.833516,-572.582547,-304.704611,-5.495433 
30/01/2003 00:00,731611.000000,121.000000,1,1,2,-226.346749,-2.855119,299.292593,600.252659,900.668324 
30/01/2003 00:00,731611.000000,121.000000,1,1,2,-819.551711,-722.230278,-512.258020,-257.950859,38.592409 
30/01/2003 00:00,731611.000000,121.000000,1,1,2,-647.297100,-489.160211,-204.728098,94.640619,396.827578 
30/01/2003 00:00,731611.000000,121.000000,1,1,2,-850.065395,-767.440245,-573.661453,-305.546087,-6.626003 
31/01/2003 00:00,731612.000000,122.000000,1,1,2,-217.286442,4.785627,306.486884,607.237910,907.523031 
31/01/2003 00:00,731612.000000,122.000000,1,1,2,-736.590460,-717.812017,-516.025090,-248.794765,51.427776 
31/01/2003 00:00,731612.000000,122.000000,1,1,2,-593.297270,-484.342458,-205.397494,93.864262,396.093823 
31/01/2003 00:00,731612.000000,122.000000,1,1,2,-761.532937,-762.178842,-574.654119,-307.936464,-9.354268 
01/02/2003 00:00,731613.000000,123.000000,1,1,2,-200.363292,19.192078,320.141354,620.486535,920.514779 
01/02/2003 00:00,731613.000000,123.000000,1,1,2,-598.671854,-701.972276,-504.552192,-198.040843,107.384144 
01/02/2003 00:00,731613.000000,123.000000,1,1,2,-500.554757,-472.496813,-203.998550,95.169267,397.418375 
01/02/2003 00:00,731613.000000,123.000000,1,1,2,-615.550451,-746.647174,-574.464196,-308.238536,-9.410059 
02/02/2003 00:00,731614.000000,124.000000,1,1,2,0.343817,175.820271,465.243022,757.615300,1053.329056 
02/02/2003 00:00,731614.000000,124.000000,1,1,2,51.886941,-630.687125,-488.216942,-184.299093,117.098116 
02/02/2003 00:00,731614.000000,124.000000,1,1,2,49.924859,-405.633671,-180.269732,120.072348,422.330566 
02/02/2003 00:00,731614.000000,124.000000,1,1,2,51.002623,-676.327587,-570.036441,-307.311333,-8.350296 
03/02/2003 00:00,731615.000000,125.000000,1,1,2,-48.880961,166.731406,464.103271,761.704713,1060.119629 
03/02/2003 00:00,731615.000000,125.000000,1,1,2,-244.626943,-311.722895,-462.805482,-192.542755,105.235239 
03/02/2003 00:00,731615.000000,125.000000,1,1,2,-284.173039,-274.390030,-124.439968,176.548343,476.821108 
03/02/2003 00:00,731615.000000,125.000000,1,1,2,-368.732129,-383.389070,-547.269286,-304.560135,-5.814754 
04/02/2003 00:00,731616.000000,126.000000,1,1,2,-97.312931,127.324404,427.094958,726.780613,1026.475768 
04/02/2003 00:00,731616.000000,126.000000,1,1,2,-373.435485,-320.432492,-415.771730,-205.349452,90.080013 
04/02/2003 00:00,731616.000000,126.000000,1,1,2,-393.488689,-294.841766,-80.670243,218.868566,518.790620 
04/02/2003 00:00,731616.000000,126.000000,1,1,2,-455.174959,-397.731124,-500.310540,-297.650811,0.744042 
05/02/2003 00:00,731617.000000,127.000000,1,1,2,-107.343218,115.914638,415.607017,715.378358,1015.181773 
05/02/2003 00:00,731617.000000,127.000000,1,1,2,-456.571884,-354.138439,-395.211152,-219.761096,74.667863 
05/02/2003 00:00,731617.000000,127.000000,1,1,2,-459.719086,-320.237282,-57.826508,241.687862,541.713999 
05/02/2003 00:00,731617.000000,127.000000,1,1,2,-516.182931,-421.159755,-472.121927,-288.774644,9.985489 
06/02/2003 00:00,731618.000000,128.000000,1,1,2,-115.014015,108.572927,408.367802,708.252898,1008.140141 
06/02/2003 00:00,731618.000000,128.000000,1,1,2,-514.823736,-390.070651,-388.199793,-216.870901,79.611596 
06/02/2003 00:00,731618.000000,128.000000,1,1,2,-498.838732,-332.560848,-46.690034,254.125274,554.427150 
06/02/2003 00:00,731618.000000,128.000000,1,1,2,-562.539638,-446.655366,-455.489264,-269.850165,29.792949 
07/02/2003 00:00,731619.000000,129.000000,1,1,2,-120.599793,103.238056,403.080790,703.006373,1002.920695 
07/02/2003 00:00,731619.000000,129.000000,1,1,2,-558.685934,-422.337222,-378.984850,-167.387066,135.443229 
07/02/2003 00:00,731619.000000,129.000000,1,1,2,-522.230181,-336.195759,-41.772166,259.754315,560.346473 
07/02/2003 00:00,731619.000000,129.000000,1,1,2,-599.890423,-471.896482,-447.201653,-250.619515,49.177118 
08/02/2003 00:00,731620.000000,130.000000,1,1,2,-99.468747,120.386630,419.250505,718.353824,1017.777061 
08/02/2003 00:00,731620.000000,130.000000,1,1,2,-501.775287,-439.615495,-375.693893,-134.026014,166.934408 
08/02/2003 00:00,731620.000000,130.000000,1,1,2,-456.346739,-326.948747,-31.792693,270.254824,571.048452 
08/02/2003 00:00,731620.000000,130.000000,1,1,2,-528.677205,-483.852091,-443.992430,-237.522324,61.691539 
09/02/2003 00:00,731621.000000,131.000000,1,1,2,-92.648488,125.826792,424.592760,723.688129,1023.119639 
09/02/2003 00:00,731621.000000,131.000000,1,1,2,-476.843922,-449.388328,-377.857678,-123.384143,174.379230 
09/02/2003 00:00,731621.000000,131.000000,1,1,2,-432.562866,-315.615673,-20.419569,282.171292,583.184721 
09/02/2003 00:00,731621.000000,131.000000,1,1,2,-493.521860,-488.060519,-442.341740,-227.708581,71.216629 
10/02/2003 00:00,731622.000000,132.000000,1,1,2,-95.773652,125.012363,424.226912,723.650387,1023.265031 
10/02/2003 00:00,731622.000000,132.000000,1,1,2,-492.028663,-458.874729,-384.104327,-127.122717,168.736555 
10/02/2003 00:00,731622.000000,132.000000,1,1,2,-440.991152,-306.476328,-10.121843,292.803427,593.970848 
10/02/2003 00:00,731622.000000,132.000000,1,1,2,-503.853039,-491.671909,-441.521585,-221.127942,77.488695 
11/02/2003 00:00,731623.000000,133.000000,1,1,2,-54.291937,156.414741,453.839119,752.001208,1050.925074 
11/02/2003 00:00,731623.000000,133.000000,1,1,2,-393.610646,-454.315557,-388.035390,-130.341659,165.847367 
11/02/2003 00:00,731623.000000,133.000000,1,1,2,-364.300648,-285.893909,10.556062,312.878769,613.910807 
11/02/2003 00:00,731623.000000,133.000000,1,1,2,-397.399848,-482.286384,-440.117797,-216.592378,81.804878 
12/02/2003 00:00,731624.000000,134.000000,1,1,2,-65.180671,153.314278,452.124442,751.229824,1050.650953 
12/02/2003 00:00,731624.000000,134.000000,1,1,2,-407.636122,-445.685758,-382.463521,-116.731262,181.957603 
12/02/2003 00:00,731624.000000,134.000000,1,1,2,-378.318065,-266.660844,31.726167,331.928334,632.378399 
12/02/2003 00:00,731624.000000,134.000000,1,1,2,-407.972893,-469.017550,-437.227433,-212.923933,85.334554 
13/02/2003 00:00,731625.000000,135.000000,1,1,2,-66.659566,153.267115,452.367686,751.697017,1051.248328 
13/02/2003 00:00,731625.000000,135.000000,1,1,2,-431.192432,-442.318916,-370.920261,-94.973358,204.468290 
13/02/2003 00:00,731625.000000,135.000000,1,1,2,-395.481197,-255.073193,43.175296,345.433176,646.591899 
13/02/2003 00:00,731625.000000,135.000000,1,1,2,-430.012252,-462.203384,-433.443757,-209.127570,89.081847 
14/02/2003 00:00,731626.000000,136.000000,1,1,2,-74.425397,148.182922,447.775945,747.466666,1047.222071 
14/02/2003 00:00,731626.000000,136.000000,1,1,2,-475.265089,-446.517307,-357.690450,-73.992952,224.594877 
14/02/2003 00:00,731626.000000,136.000000,1,1,2,-420.088505,-247.403198,51.402232,355.117749,656.777640 
14/02/2003 00:00,731626.000000,136.000000,1,1,2,-474.143956,-464.150069,-429.962810,-204.478015,93.790801 
15/02/2003 00:00,731627.000000,137.000000,1,1,2,-72.332402,149.743931,449.280542,748.951848,1048.704608 
15/02/2003 00:00,731627.000000,137.000000,1,1,2,-502.119533,-454.719635,-346.083653,-58.009774,238.909017 
15/02/2003 00:00,731627.000000,137.000000,1,1,2,-425.347459,-237.923506,61.548142,365.086226,666.611982 
15/02/2003 00:00,731627.000000,137.000000,1,1,2,-501.337106,-471.152292,-427.602267,-199.171726,99.180312 
16/02/2003 00:00,731628.000000,138.000000,1,1,2,-62.221924,157.853908,457.049483,756.476760,1056.094773 
16/02/2003 00:00,731628.000000,138.000000,1,1,2,-500.167917,-461.942340,-339.385775,-50.195294,244.665647 
16/02/2003 00:00,731628.000000,138.000000,1,1,2,-411.799876,-226.523746,72.995036,376.256100,677.652003 
16/02/2003 00:00,731628.000000,138.000000,1,1,2,-499.197972,-477.392243,-426.369355,-194.235086,104.107996 
17/02/2003 00:00,731629.000000,139.000000,1,1,2,-48.538386,169.377321,468.179063,767.302387,1066.744080 
17/02/2003 00:00,731629.000000,139.000000,1,1,2,-476.957870,-465.114661,-336.426623,-47.128806,246.580334 
17/02/2003 00:00,731629.000000,139.000000,1,1,2,-389.233585,-212.271509,87.088723,390.141303,691.510919 
17/02/2003 00:00,731629.000000,139.000000,1,1,2,-475.270785,-479.473796,-425.747082,-190.573621,107.647574 
18/02/2003 00:00,731630.000000,140.000000,1,1,2,31.265642,228.564389,524.067001,820.939534,1119.176169 
18/02/2003 00:00,731630.000000,140.000000,1,1,2,-286.458459,-443.926562,-332.041213,-42.814652,250.399841 
18/02/2003 00:00,731630.000000,140.000000,1,1,2,-268.783910,-169.215507,129.524735,431.393679,732.185343 
18/02/2003 00:00,731630.000000,140.000000,1,1,2,-283.615869,-456.754240,-423.165822,-187.448926,110.666744 
19/02/2003 00:00,731631.000000,141.000000,1,1,2,-2.298601,215.055233,513.516435,812.271116,1111.477133 
19/02/2003 00:00,731631.000000,141.000000,1,1,2,-344.284722,-413.942609,-324.182373,-34.981140,257.168586 
19/02/2003 00:00,731631.000000,141.000000,1,1,2,-304.326438,-137.277352,162.243232,462.097155,762.017236 
19/02/2003 00:00,731631.000000,141.000000,1,1,2,-342.096935,-422.720239,-416.193553,-182.265469,115.957468 
20/02/2003 00:00,731632.000000,142.000000,1,1,2,41.135708,247.083319,543.912340,841.649846,1140.349104 
20/02/2003 00:00,731632.000000,142.000000,1,1,2,-289.480969,-391.053554,-313.556434,-23.776119,266.392766 
20/02/2003 00:00,731632.000000,142.000000,1,1,2,-267.915411,-97.799272,201.832452,501.757530,801.699470 
20/02/2003 00:00,731632.000000,142.000000,1,1,2,-286.552556,-397.136957,-405.230388,-173.912382,124.467650 
21/02/2003 00:00,731633.000000,143.000000,1,1,2,14.967240,234.376012,533.301469,832.458045,1131.914588 
21/02/2003 00:00,731633.000000,143.000000,1,1,2,-356.904936,-377.884712,-301.533912,-10.242688,279.325130 
21/02/2003 00:00,731633.000000,143.000000,1,1,2,-284.660217,-76.505202,223.808993,523.985210,824.056928 
21/02/2003 00:00,731633.000000,143.000000,1,1,2,-354.022972,-381.236755,-392.562119,-162.781347,135.671760 
22/02/2003 00:00,731634.000000,144.000000,1,1,2,18.233810,237.378989,536.310826,835.503912,1134.995590 
22/02/2003 00:00,731634.000000,144.000000,1,1,2,-398.918175,-381.743821,-288.632501,5.556519,294.533793 
22/02/2003 00:00,731634.000000,144.000000,1,1,2,-276.461173,-59.339051,241.578179,541.923741,842.087482 
22/02/2003 00:00,731634.000000,144.000000,1,1,2,-396.561284,-384.341952,-381.708352,-150.278417,148.128245 
23/02/2003 00:00,731635.000000,145.000000,1,1,2,2.516733,227.091818,526.868083,826.650346,1126.463794 
23/02/2003 00:00,731635.000000,145.000000,1,1,2,-473.278315,-398.526963,-278.090217,19.222550,309.286198 
23/02/2003 00:00,731635.000000,145.000000,1,1,2,-278.632841,-54.256834,246.776231,547.234772,847.481364 
23/02/2003 00:00,731635.000000,145.000000,1,1,2,-471.931875,-401.867403,-375.795983,-138.337464,159.949250 
24/02/2003 00:00,731636.000000,146.000000,1,1,2,52.043112,262.321709,560.076500,858.545916,1157.681598 
24/02/2003 00:00,731636.000000,146.000000,1,1,2,-402.405633,-403.721729,-271.103939,26.006188,319.235291 
24/02/2003 00:00,731636.000000,146.000000,1,1,2,-237.259513,-22.836906,278.066461,578.454243,878.648759 
24/02/2003 00:00,731636.000000,146.000000,1,1,2,-401.144360,-407.479369,-372.806596,-127.668376,170.539076 
25/02/2003 00:00,731637.000000,147.000000,1,1,2,64.255318,276.744059,574.904218,873.672834,1172.972890 
25/02/2003 00:00,731637.000000,147.000000,1,1,2,-364.582027,-399.592898,-264.232926,32.790502,327.208194 
25/02/2003 00:00,731637.000000,147.000000,1,1,2,-206.595358,10.643244,311.099424,611.484233,911.707148 
25/02/2003 00:00,731637.000000,147.000000,1,1,2,-363.427240,-403.163467,-369.273640,-117.461963,180.780912 
26/02/2003 00:00,731638.000000,148.000000,1,1,2,45.767274,265.837282,565.128569,864.685539,1164.416597 
26/02/2003 00:00,731638.000000,148.000000,1,1,2,-424.651544,-403.060039,-258.316864,38.638425,333.521418 
26/02/2003 00:00,731638.000000,148.000000,1,1,2,-204.258759,18.471252,318.291870,618.527954,918.730958 
26/02/2003 00:00,731638.000000,148.000000,1,1,2,-423.638384,-406.615483,-365.250733,-107.459496,190.847642 
27/02/2003 00:00,731639.000000,149.000000,1,1,2,57.378608,275.243686,574.250837,873.628455,1173.270074 
27/02/2003 00:00,731639.000000,149.000000,1,1,2,-436.553945,-410.492585,-255.162637,41.635888,336.854910 
27/02/2003 00:00,731639.000000,149.000000,1,1,2,-189.023944,32.321673,332.305213,632.596331,932.815104 
27/02/2003 00:00,731639.000000,149.000000,1,1,2,-435.759804,-414.237165,-361.609795,-97.808195,200.590302 
28/02/2003 00:00,731640.000000,150.000000,1,1,2,56.698147,276.555249,575.868021,875.463819,1175.226838 
28/02/2003 00:00,731640.000000,150.000000,1,1,2,-461.454936,-420.386327,-255.946246,40.620417,335.977555 
28/02/2003 00:00,731640.000000,150.000000,1,1,2,-182.394933,39.493098,340.486698,641.185903,941.534724 
28/02/2003 00:00,731640.000000,150.000000,1,1,2,-460.938511,-424.221786,-358.480725,-88.908655,209.572737 
01/03/2003 00:00,731641.000000,151.000000,1,1,2,86.583657,312.523715,612.318514,912.023994,1211.769548 
01/03/2003 00:00,731641.000000,151.000000,1,1,2,-315.945508,-410.175140,-254.951548,41.634157,336.817045 
01/03/2003 00:00,731641.000000,151.000000,1,1,2,-111.920858,101.971018,402.487156,702.452251,1002.270388 
01/03/2003 00:00,731641.000000,151.000000,1,1,2,-314.609827,-413.019273,-353.648867,-79.946938,218.641486 
02/03/2003 00:00,731642.000000,152.000000,1,1,2,79.452674,304.423088,604.412021,904.460556,1204.468172 
02/03/2003 00:00,731642.000000,152.000000,1,1,2,-364.571014,-396.470995,-243.174092,54.384848,350.204966 
02/03/2003 00:00,731642.000000,152.000000,1,1,2,-111.258806,108.118733,408.437089,708.406515,1008.259385 
02/03/2003 00:00,731642.000000,152.000000,1,1,2,-363.239284,-399.386295,-346.234181,-69.725846,228.999203 
03/03/2003 00:00,731643.000000,153.000000,1,1,2,81.084495,307.542062,607.727122,907.911755,1207.994891 
03/03/2003 00:00,731643.000000,153.000000,1,1,2,-391.155622,-394.482458,-232.003997,65.388333,362.680741 
03/03/2003 00:00,731643.000000,153.000000,1,1,2,-98.352647,121.986698,421.136664,720.537870,1020.166946 
03/03/2003 00:00,731643.000000,153.000000,1,1,2,-390.038844,-397.781545,-337.839032,-58.320575,240.507360 
04/03/2003 00:00,731644.000000,154.000000,1,1,2,82.030582,309.612086,609.959652,910.269207,1210.425494 
04/03/2003 00:00,731644.000000,154.000000,1,1,2,-417.913397,-398.858062,-224.993920,72.014511,369.726825 
04/03/2003 00:00,731644.000000,154.000000,1,1,2,-89.089892,130.266149,429.324636,728.692385,1028.311555 
04/03/2003 00:00,731644.000000,154.000000,1,1,2,-416.880148,-402.330227,-329.963461,-46.962565,251.863005 
05/03/2003 00:00,731645.000000,155.000000,1,1,2,83.274460,312.034437,612.530911,912.946214,1213.161727 
05/03/2003 00:00,731645.000000,155.000000,1,1,2,-440.616901,-406.653942,-221.723808,75.046888,373.066426 
05/03/2003 00:00,731645.000000,155.000000,1,1,2,-83.170639,136.657736,435.792172,735.195407,1034.826047 
05/03/2003 00:00,731645.000000,155.000000,1,1,2,-439.717549,-410.432966,-322.941175,-36.488245,262.312393 
06/03/2003 00:00,731646.000000,156.000000,1,1,2,87.932465,319.483597,620.234590,920.771903,1221.035998 
06/03/2003 00:00,731646.000000,156.000000,1,1,2,-433.935958,-412.511736,-220.995294,75.631903,373.614501 
06/03/2003 00:00,731646.000000,156.000000,1,1,2,-64.195503,153.136378,451.863898,750.972246,1050.436816 
06/03/2003 00:00,731646.000000,156.000000,1,1,2,-433.078048,-416.550721,-316.465515,-27.142337,271.642684 
07/03/2003 00:00,731647.000000,157.000000,1,1,2,92.832224,327.482224,628.567805,929.310309,1229.676099 
07/03/2003 00:00,731647.000000,157.000000,1,1,2,-410.382726,-414.223113,-222.837708,73.500195,371.349485 
07/03/2003 00:00,731647.000000,157.000000,1,1,2,-40.042021,174.984422,473.322221,772.131465,1071.421207 
07/03/2003 00:00,731647.000000,157.000000,1,1,2,-409.344867,-417.684278,-309.779959,-18.268142,280.540690 
08/03/2003 00:00,731648.000000,158.000000,1,1,2,96.814730,334.108133,635.483569,936.415765,1236.880362 
08/03/2003 00:00,731648.000000,158.000000,1,1,2,-389.218329,-412.427643,-226.241445,69.816663,367.499052 
08/03/2003 00:00,731648.000000,158.000000,1,1,2,-18.023604,196.042650,494.222221,792.886643,1092.079706 
08/03/2003 00:00,731648.000000,158.000000,1,1,2,-387.758139,-414.395773,-302.709021,-9.565930,289.285526 
09/03/2003 00:00,731649.000000,159.000000,1,1,2,100.174558,339.802121,641.452094,942.578906,1243.148961 
09/03/2003 00:00,731649.000000,159.000000,1,1,2,-373.128269,-408.407222,-230.445283,65.356470,362.683114 
09/03/2003 00:00,731649.000000,159.000000,1,1,2,2.754999,216.183164,514.148087,812.595540,1111.651951 
09/03/2003 00:00,731649.000000,159.000000,1,1,2,-371.212558,-408.183291,-295.134114,-0.573357,298.327108 
10/03/2003 00:00,731650.000000,160.000000,1,1,2,106.076697,349.151227,651.185765,952.566056,1253.264516 
10/03/2003 00:00,731650.000000,160.000000,1,1,2,-339.030584,-398.583528,-228.127536,68.231381,365.321411 
10/03/2003 00:00,731650.000000,160.000000,1,1,2,37.720799,247.107610,544.413399,842.360263,1141.127980 
10/03/2003 00:00,731650.000000,160.000000,1,1,2,-337.247045,-397.428546,-287.669352,8.691679,307.920429 
11/03/2003 00:00,731651.000000,161.000000,1,1,2,113.104299,360.419113,662.923694,964.619540,1265.480822 
11/03/2003 00:00,731651.000000,161.000000,1,1,2,-289.314411,-378.952115,-213.910471,83.485746,381.021591 
11/03/2003 00:00,731651.000000,161.000000,1,1,2,66.189211,278.241261,575.953806,874.144842,1173.023270 
11/03/2003 00:00,731651.000000,161.000000,1,1,2,-288.044872,-377.971357,-275.034130,22.151278,320.777615 
12/03/2003 00:00,731652.000000,162.000000,1,1,2,117.945930,368.997691,671.918410,973.918894,1274.950922 
12/03/2003 00:00,731652.000000,162.000000,1,1,2,-266.557442,-354.982115,-197.103265,99.891364,397.975525 
12/03/2003 00:00,731652.000000,162.000000,1,1,2,78.901921,299.603183,598.460821,897.344760,1196.563100 
12/03/2003 00:00,731652.000000,162.000000,1,1,2,-265.047604,-352.905220,-259.146356,37.781183,336.473414 
13/03/2003 00:00,731653.000000,163.000000,1,1,2,122.415021,377.074141,680.388573,982.687146,1283.890685 
13/03/2003 00:00,731653.000000,163.000000,1,1,2,-258.984018,-333.805338,-179.543690,116.653323,414.673336 
13/03/2003 00:00,731653.000000,163.000000,1,1,2,88.717942,316.608330,616.477595,916.052372,1215.646570 
13/03/2003 00:00,731653.000000,163.000000,1,1,2,-256.789520,-328.695275,-237.684069,59.166084,357.962202 
14/03/2003 00:00,731654.000000,164.000000,1,1,2,126.978209,385.356193,689.066080,991.667420,1293.046887 
14/03/2003 00:00,731654.000000,164.000000,1,1,2,-258.692635,-318.853633,-162.184802,133.100492,430.976744 
14/03/2003 00:00,731654.000000,164.000000,1,1,2,97.485745,331.808536,632.579540,932.783560,1232.723389 
14/03/2003 00:00,731654.000000,164.000000,1,1,2,-256.174319,-309.739904,-212.603454,83.954244,382.813840 
15/03/2003 00:00,731655.000000,165.000000,1,1,2,131.598989,393.739578,697.832428,1000.723124,1302.268355 
15/03/2003 00:00,731655.000000,165.000000,1,1,2,-260.795784,-309.655344,-143.785098,150.910506,448.781859 
15/03/2003 00:00,731655.000000,165.000000,1,1,2,105.075152,345.075899,646.615229,947.350097,1247.577474 
15/03/2003 00:00,731655.000000,165.000000,1,1,2,-258.797462,-296.897162,-183.917325,112.519686,411.423544 
16/03/2003 00:00,731656.000000,166.000000,1,1,2,136.235202,402.058708,706.517203,1009.689571,1311.398529 
16/03/2003 00:00,731656.000000,166.000000,1,1,2,-262.083874,-304.509813,-123.983638,170.298816,468.211005 
16/03/2003 00:00,731656.000000,166.000000,1,1,2,112.300665,357.729405,660.040664,961.344445,1261.891889 
16/03/2003 00:00,731656.000000,166.000000,1,1,2,-261.424540,-289.494298,-152.563390,143.860800,442.764819 
17/03/2003 00:00,731657.000000,167.000000,1,1,2,202.700171,481.745143,787.662606,1091.920981,1394.240398 
17/03/2003 00:00,731657.000000,167.000000,1,1,2,45.139323,-248.888101,-85.705645,207.797763,505.477418 
17/03/2003 00:00,731657.000000,167.000000,1,1,2,182.848634,443.860953,748.386545,1051.293020,1352.722980 
17/03/2003 00:00,731657.000000,167.000000,1,1,2,41.139693,-226.251991,-94.057549,203.837088,503.197619 
18/03/2003 00:00,731658.000000,168.000000,1,1,2,335.614677,669.175301,974.607167,1278.620928,1580.858088 
18/03/2003 00:00,731658.000000,168.000000,1,1,2,79.289601,-151.844821,19.168866,309.788916,606.473770 
18/03/2003 00:00,731658.000000,168.000000,1,1,2,276.447163,554.891955,858.257656,1160.509098,1461.654248 
18/03/2003 00:00,731658.000000,168.000000,1,1,2,66.409560,-115.601834,68.236244,366.057414,665.555916 
19/03/2003 00:00,731659.000000,169.000000,1,1,2,251.026105,619.756612,926.894045,1232.243469,1535.275160 
19/03/2003 00:00,731659.000000,169.000000,1,1,2,-165.375205,-98.993007,190.549490,474.008203,765.798852 
19/03/2003 00:00,731659.000000,169.000000,1,1,2,180.406535,483.388256,788.481929,1092.097176,1394.055244 
19/03/2003 00:00,731659.000000,169.000000,1,1,2,-242.575353,-82.447662,212.203172,509.278312,807.354937 
20/03/2003 00:00,731660.000000,170.000000,1,1,2,362.585105,740.772974,1048.283351,1353.950291,1657.181536 
20/03/2003 00:00,731660.000000,170.000000,1,1,2,36.828136,114.798978,400.506420,693.270110,988.608211 
20/03/2003 00:00,731660.000000,170.000000,1,1,2,289.161539,597.824567,903.297735,1207.249159,1509.418782 
20/03/2003 00:00,731660.000000,170.000000,1,1,2,52.786017,189.828006,481.910919,778.772825,1077.002514 
21/03/2003 00:00,731661.000000,171.000000,1,1,2,256.722910,642.580117,950.274420,1256.069584,1559.371026 
21/03/2003 00:00,731661.000000,171.000000,1,1,2,-47.668082,115.702370,408.634324,702.575439,998.804424 
21/03/2003 00:00,731661.000000,171.000000,1,1,2,190.344047,512.582188,818.831902,1123.372480,1425.887877 
21/03/2003 00:00,731661.000000,171.000000,1,1,2,-131.264787,80.821451,379.490979,678.403348,977.731998 
22/03/2003 00:00,731662.000000,172.000000,1,1,2,250.965269,630.973976,938.237612,1243.715588,1546.836109 
22/03/2003 00:00,731662.000000,172.000000,1,1,2,-137.674215,45.000919,339.687352,634.858160,931.771074 
22/03/2003 00:00,731662.000000,172.000000,1,1,2,188.620082,508.138117,814.122625,1118.485954,1420.904649 
22/03/2003 00:00,731662.000000,172.000000,1,1,2,-159.937107,47.177463,345.412992,643.996778,943.137084 
23/03/2003 00:00,731663.000000,173.000000,1,1,2,257.784688,640.550006,947.779762,1253.235145,1556.343903 
23/03/2003 00:00,731663.000000,173.000000,1,1,2,-163.064885,23.206251,314.260353,607.135900,902.866848 
23/03/2003 00:00,731663.000000,173.000000,1,1,2,193.589315,514.141462,820.063408,1124.383233,1426.777804 
23/03/2003 00:00,731663.000000,173.000000,1,1,2,-103.617392,91.834514,389.125381,687.023336,985.772867 
24/03/2003 00:00,731664.000000,174.000000,1,1,2,316.470831,711.325492,1018.954188,1324.727473,1628.028111 
24/03/2003 00:00,731664.000000,174.000000,1,1,2,21.374008,152.906553,433.511994,720.211466,1012.878430 
24/03/2003 00:00,731664.000000,174.000000,1,1,2,245.816127,572.277298,878.455765,1182.984015,1485.505524 
24/03/2003 00:00,731664.000000,174.000000,1,1,2,67.993677,241.127178,536.249061,832.351096,1130.013440 
