Date12[DDMMYYYYhhmm],JulianDayFromYear0[days],TimeFromStart[days],Simulation_Period,Run,IDpoint,75 ,300 ,600 ,900 ,1200  
01/10/2007 00:00,733316.000000,0.000000,1,1,3,-9925.059887,-9700.239546,-9400.479093,-9100.718639,-8800.958185 
02/10/2007 00:00,733317.000000,1.000000,1,1,3,-10322.972637,-9701.172943,-9400.480572,-9100.718556,-8800.955018 
03/10/2007 00:00,733318.000000,2.000000,1,1,3,-11018.103492,-9703.694232,-9400.488380,-9100.718476,-8800.951910 
04/10/2007 00:00,733319.000000,3.000000,1,1,3,-11692.478679,-9707.706033,-9400.507032,-9100.718388,-8800.948625 
05/10/2007 00:00,733320.000000,4.000000,1,1,3,-12351.112300,-9713.014484,-9400.537475,-9100.718329,-8800.945757 
06/10/2007 00:00,733321.000000,5.000000,1,1,3,-13144.134198,-9720.411997,-9400.598047,-9100.718218,-8800.941673 
07/10/2007 00:00,733322.000000,6.000000,1,1,3,-14081.092448,-9729.231155,-9403.418727,-10222.780980,-8808.032673 
08/10/2007 00:00,733323.000000,7.000000,1,1,3,-14976.773540,-9739.805921,-9403.504217,-9100.054236,-8807.950821 
09/10/2007 00:00,733324.000000,8.000000,1,1,3,-15820.202979,-9751.288542,-9405.143501,-9696.139893,-8811.597306 
10/10/2007 00:00,733325.000000,9.000000,1,1,3,-16746.543065,-9765.281267,-9405.292115,-9099.714217,-8811.456388 
11/10/2007 00:00,733326.000000,10.000000,1,1,3,-17655.134162,-9780.256096,-9408.784892,-10500.828302,-8820.229095 
12/10/2007 00:00,733327.000000,11.000000,1,1,3,-18477.294035,-9796.665744,-9408.974433,-9098.907938,-8820.039791 
13/10/2007 00:00,733328.000000,12.000000,1,1,3,-18722.156561,-9812.019275,-9409.501907,-9217.425741,-8820.631506 
14/10/2007 00:00,733329.000000,13.000000,1,1,3,-18676.730124,-9827.775963,-9409.786788,-9098.871675,-8820.353173 
15/10/2007 00:00,733330.000000,14.000000,1,1,3,-19078.948685,-9843.561659,-9414.774045,-11244.563211,-8833.816920 
16/10/2007 00:00,733331.000000,15.000000,1,1,3,-19566.501120,-9859.080481,-9415.193962,-9158.520644,-8833.960537 
17/10/2007 00:00,733332.000000,16.000000,1,1,3,-20213.265647,-9876.993829,-9415.543699,-9097.656754,-8833.541609 
18/10/2007 00:00,733333.000000,17.000000,1,1,3,-21058.183008,-9895.496165,-9419.915574,-10916.563038,-8844.384698 
19/10/2007 00:00,733334.000000,18.000000,1,1,3,-21796.823868,-9913.976154,-9420.272816,-9104.429789,-8844.154327 
20/10/2007 00:00,733335.000000,19.000000,1,1,3,-21783.357613,-9934.190542,-9420.726869,-9096.717187,-8843.621411 
21/10/2007 00:00,733336.000000,20.000000,1,1,3,-22584.336902,-9954.757967,-9425.109076,-10873.889547,-8853.998453 
22/10/2007 00:00,733337.000000,21.000000,1,1,3,-23301.220554,-9974.592350,-9425.646221,-9138.722580,-8853.910639 
23/10/2007 00:00,733338.000000,22.000000,1,1,3,-23888.465127,-9996.536505,-9426.187274,-9095.810055,-8853.303318 
24/10/2007 00:00,733339.000000,23.000000,1,1,3,-23775.860601,-10017.754106,-9430.130039,-10621.649135,-8861.908609 
25/10/2007 00:00,733340.000000,24.000000,1,1,3,-23638.325126,-10037.987091,-9430.654668,-9095.037918,-8861.519346 
26/10/2007 00:00,733341.000000,25.000000,1,1,3,-24393.187061,-10060.645085,-9431.312217,-9095.095651,-8860.859646 
27/10/2007 00:00,733342.000000,26.000000,1,1,3,-25012.857707,-10082.986449,-9434.881069,-10379.277076,-8867.923913 
28/10/2007 00:00,733343.000000,27.000000,1,1,3,-25459.785915,-10104.877463,-9435.510170,-9094.468415,-8867.464605 
29/10/2007 00:00,733344.000000,28.000000,1,1,3,-25293.256243,-10127.169913,-9436.236500,-9094.520923,-8866.864088 
30/10/2007 00:00,733345.000000,29.000000,1,1,3,-25134.947365,-10148.648487,-9438.106165,-9554.691464,-8869.064735 
31/10/2007 00:00,733346.000000,30.000000,1,1,3,-25753.653968,-10171.580064,-9438.930795,-9094.362281,-8868.409577 
01/11/2007 00:00,733347.000000,31.000000,1,1,3,-26220.603086,-10193.941083,-9441.542505,-9852.180823,-8872.305047 
02/11/2007 00:00,733348.000000,32.000000,1,1,3,-12409.005788,-10195.757838,-9442.336494,-9094.037306,-8871.717066 
03/11/2007 00:00,733349.000000,33.000000,1,1,3,-7580.966454,-10190.272305,-9443.612775,-9311.664637,-8872.500417 
04/11/2007 00:00,733350.000000,34.000000,1,1,3,-7590.579968,-10181.935642,-9444.388734,-9094.020262,-8871.797484 
05/11/2007 00:00,733351.000000,35.000000,1,1,3,-7807.727015,-10174.574620,-9447.386636,-10089.457049,-8876.971836 
06/11/2007 00:00,733352.000000,36.000000,1,1,3,-7999.836030,-10168.237972,-9448.026885,-9093.571704,-8876.462428 
07/11/2007 00:00,733353.000000,37.000000,1,1,3,-8007.792218,-10161.946128,-9448.672242,-9093.624997,-8875.869762 
08/11/2007 00:00,733354.000000,38.000000,1,1,3,-8015.382350,-10155.856454,-9449.818181,-9307.299102,-8876.590195 
09/11/2007 00:00,733355.000000,39.000000,1,1,3,-8023.251301,-10149.445992,-9450.447308,-9093.613497,-8875.910699 
10/11/2007 00:00,733356.000000,40.000000,1,1,3,-8030.968039,-10143.292213,-9452.867707,-9873.836411,-8879.752984 
11/11/2007 00:00,733357.000000,41.000000,1,1,3,-8038.589923,-10137.221544,-9453.424463,-9093.291443,-8879.207787 
12/11/2007 00:00,733358.000000,42.000000,1,1,3,-8174.907686,-10131.585330,-9453.963637,-9093.339650,-8878.680836 
13/11/2007 00:00,733359.000000,43.000000,1,1,3,-8285.767200,-10126.270831,-9454.495980,-9093.392088,-8878.112276 
14/11/2007 00:00,733360.000000,44.000000,1,1,3,-8445.669870,-10121.651141,-9455.117807,-9140.118284,-8877.904369 
15/11/2007 00:00,733361.000000,45.000000,1,1,3,-8638.902189,-10117.348530,-9455.622568,-9093.476298,-8877.203904 
16/11/2007 00:00,733362.000000,46.000000,1,1,3,-8644.246931,-10113.299062,-9458.311563,-10067.957392,-8882.062129 
17/11/2007 00:00,733363.000000,47.000000,1,1,3,-8649.509639,-10109.361934,-9458.876957,-9139.986465,-8881.837062 
18/11/2007 00:00,733364.000000,48.000000,1,1,3,-8655.006499,-10105.168164,-9459.325420,-9093.094321,-8881.153842 
19/11/2007 00:00,733365.000000,49.000000,1,1,3,-8660.443415,-10101.113545,-9461.544017,-9858.142382,-8884.779828 
20/11/2007 00:00,733366.000000,50.000000,1,1,3,-8802.732557,-10097.513662,-9461.955134,-9092.789349,-8884.274760 
21/11/2007 00:00,733367.000000,51.000000,1,1,3,-8934.770811,-10094.281549,-9462.347882,-9092.849087,-8883.639201 
22/11/2007 00:00,733368.000000,52.000000,1,1,3,-12526.698566,-10096.578062,-9463.943795,-9606.481082,-8885.863549 
23/11/2007 00:00,733369.000000,53.000000,1,1,3,-48493.086396,-10138.317529,-9464.366463,-9092.675365,-8885.376605 
24/11/2007 00:00,733370.000000,54.000000,1,1,3,-95394.415584,-10231.220031,-9464.937688,-9092.729470,-8884.800821 
25/11/2007 00:00,733371.000000,55.000000,1,1,3,-72813.687738,-10296.380737,-9466.524270,-9492.703754,-8886.368023 
26/11/2007 00:00,733372.000000,56.000000,1,1,3,-49010.750581,-10335.027187,-9467.433781,-9187.807271,-8886.374395 
27/11/2007 00:00,733373.000000,57.000000,1,1,3,-33584.079334,-10357.539594,-9468.134579,-9092.615611,-8885.885713 
28/11/2007 00:00,733374.000000,58.000000,1,1,3,-40213.253691,-10386.349721,-9468.961602,-9131.825894,-8885.616239 
29/11/2007 00:00,733375.000000,59.000000,1,1,3,-77523.094174,-10451.992558,-9469.782675,-9092.684649,-8885.139962 
30/11/2007 00:00,733376.000000,60.000000,1,1,3,-201860.521138,-12420.841421,-9473.033871,-9146.614343,-8884.949153 
01/12/2007 00:00,733377.000000,61.000000,1,1,3,-309478.393929,-18073.320316,-9481.492477,-9097.451930,-8884.518370 
02/12/2007 00:00,733378.000000,62.000000,1,1,3,-281201.655921,-25197.859814,-9496.613244,-9092.791384,-8884.062401 
03/12/2007 00:00,733379.000000,63.000000,1,1,3,-181540.639906,-31026.999685,-9517.083650,-9120.128842,-8883.748839 
04/12/2007 00:00,733380.000000,64.000000,1,1,3,-62123.993413,-31676.937514,-9591.836655,-9107.939382,-8883.377764 
05/12/2007 00:00,733381.000000,65.000000,1,1,3,-18443.957170,-30207.993443,-9762.421438,-9102.376555,-8882.982065 
06/12/2007 00:00,733382.000000,66.000000,1,1,3,-13788.698511,-28743.321584,-9918.532153,-9100.142044,-8882.577287 
07/12/2007 00:00,733383.000000,67.000000,1,1,3,-23234.995804,-27870.704647,-10065.088204,-9099.614913,-8882.171871 
08/12/2007 00:00,733384.000000,68.000000,1,1,3,-354362.769456,-46064.167097,-10379.213597,-9100.163123,-8881.771110 
09/12/2007 00:00,733385.000000,69.000000,1,1,3,-640423.559207,-116150.698767,-11408.772269,-9102.100342,-8881.381809 
10/12/2007 00:00,733386.000000,70.000000,1,1,3,-376963.457968,-150681.020452,-12932.515541,-9105.743945,-8881.566254 
11/12/2007 00:00,733387.000000,71.000000,1,1,3,-266572.768994,-153483.874259,-14675.658398,-9111.165677,-8884.125858 
12/12/2007 00:00,733388.000000,72.000000,1,1,3,-212340.393829,-144622.633297,-16479.691538,-9118.434374,-8886.767405 
13/12/2007 00:00,733389.000000,73.000000,1,1,3,-180277.365924,-133185.945304,-18249.266685,-9127.522007,-8889.521391 
14/12/2007 00:00,733390.000000,74.000000,1,1,3,-158979.788646,-122334.523927,-19922.986492,-9138.337890,-8892.416230 
15/12/2007 00:00,733391.000000,75.000000,1,1,3,-142999.023022,-112794.451328,-21458.185385,-9150.746886,-8895.477527 
16/12/2007 00:00,733392.000000,76.000000,1,1,3,-130271.327544,-104589.364683,-22826.576534,-9164.582988,-8898.727540 
17/12/2007 00:00,733393.000000,77.000000,1,1,3,-119116.997811,-97452.200480,-24009.762867,-9179.659373,-8902.184890 
18/12/2007 00:00,733394.000000,78.000000,1,1,3,-108826.051666,-91116.039871,-24997.837138,-9195.776968,-8905.864395 
19/12/2007 00:00,733395.000000,79.000000,1,1,3,-100372.271877,-85554.797283,-25793.727668,-9212.737903,-8909.777155 
20/12/2007 00:00,733396.000000,80.000000,1,1,3,-93412.992701,-80699.088120,-26409.512316,-9230.355327,-8913.930798 
21/12/2007 00:00,733397.000000,81.000000,1,1,3,-87563.600355,-76452.653827,-26862.532306,-9248.459246,-8918.329842 
22/12/2007 00:00,733398.000000,82.000000,1,1,3,-82584.815271,-72723.527929,-27172.609029,-9266.899436,-8922.976093 
23/12/2007 00:00,733399.000000,83.000000,1,1,3,-78329.615264,-69434.345296,-27360.150869,-9285.546354,-8927.869057 
24/12/2007 00:00,733400.000000,84.000000,1,1,3,-74595.434510,-66511.295021,-27444.559520,-9304.290326,-8933.006329 
25/12/2007 00:00,733401.000000,85.000000,1,1,3,-71183.266096,-63883.624492,-27443.209862,-9323.039608,-8938.383948 
26/12/2007 00:00,733402.000000,86.000000,1,1,3,-68060.553745,-61499.835544,-27371.402212,-9341.718345,-8943.996698 
27/12/2007 00:00,733403.000000,87.000000,1,1,3,-65277.526330,-59329.284435,-27242.655779,-9360.264823,-8949.838382 
28/12/2007 00:00,733404.000000,88.000000,1,1,3,-62806.854510,-57347.833710,-27068.731518,-9378.629704,-8955.902053 
29/12/2007 00:00,733405.000000,89.000000,1,1,3,-61387.240358,-55606.753155,-26861.821987,-9396.776604,-8962.180255 
30/12/2007 00:00,733406.000000,90.000000,1,1,3,-60417.830924,-54089.547191,-26632.312150,-9414.680254,-8968.665220 
31/12/2007 00:00,733407.000000,91.000000,1,1,3,-59938.987179,-52788.492262,-26389.141977,-9432.325007,-8975.349045 
01/01/2008 00:00,733408.000000,92.000000,1,1,3,-59249.141529,-51638.758710,-26138.288567,-9449.701690,-8982.223807 
02/01/2008 00:00,733409.000000,93.000000,1,1,3,-58719.489759,-50622.693747,-25884.473121,-9466.806269,-8989.281651 
03/01/2008 00:00,733410.000000,94.000000,1,1,3,-58241.150310,-49718.205582,-25631.192508,-9483.638545,-8996.514858 
04/01/2008 00:00,733411.000000,95.000000,1,1,3,-57675.031820,-48897.146729,-25380.714323,-9500.200832,-9003.915883 
05/01/2008 00:00,733412.000000,96.000000,1,1,3,-56949.574443,-48131.778484,-25134.256608,-9516.496819,-9011.477375 
06/01/2008 00:00,733413.000000,97.000000,1,1,3,-56092.422637,-47402.219100,-24892.344778,-9532.530811,-9019.192189 
07/01/2008 00:00,733414.000000,98.000000,1,1,3,-55180.463193,-46698.443994,-24655.169691,-9548.307369,-9027.053380 
08/01/2008 00:00,733415.000000,99.000000,1,1,3,-54287.980122,-46017.985203,-24422.832393,-9563.831202,-9035.054206 
09/01/2008 00:00,733416.000000,100.000000,1,1,3,-53491.676978,-45364.541907,-24195.516816,-9579.107262,-9043.188123 
10/01/2008 00:00,733417.000000,101.000000,1,1,3,-52690.834236,-44733.718599,-23973.270536,-9594.140592,-9051.448786 
11/01/2008 00:00,733418.000000,102.000000,1,1,3,-51052.919517,-44061.861714,-23754.515744,-9608.934535,-9059.830018 
12/01/2008 00:00,733419.000000,103.000000,1,1,3,-49441.402542,-43358.476096,-23538.008908,-9623.491100,-9068.325677 
13/01/2008 00:00,733420.000000,104.000000,1,1,3,-48027.029392,-42643.296578,-23323.338370,-9637.811832,-9076.929950 
14/01/2008 00:00,733421.000000,105.000000,1,1,3,-46769.892026,-41929.686982,-23110.366362,-9651.898160,-9085.637044 
15/01/2008 00:00,733422.000000,106.000000,1,1,3,-45638.806066,-41226.429064,-22899.189109,-9665.751638,-9094.441289 
16/01/2008 00:00,733423.000000,107.000000,1,1,3,-44630.460893,-40540.440784,-22690.057949,-9679.374122,-9103.337138 
17/01/2008 00:00,733424.000000,108.000000,1,1,3,-43792.180777,-39880.387144,-22483.400714,-9692.767966,-9112.319175 
18/01/2008 00:00,733425.000000,109.000000,1,1,3,-43542.309003,-39279.752458,-22280.381538,-9705.936840,-9121.382132 
19/01/2008 00:00,733426.000000,110.000000,1,1,3,-43625.226120,-38750.344045,-22082.305366,-9718.885894,-9130.520913 
20/01/2008 00:00,733427.000000,111.000000,1,1,3,-43930.863713,-38295.486080,-21890.405746,-9731.621686,-9139.730615 
21/01/2008 00:00,733428.000000,112.000000,1,1,3,-44582.839296,-37925.822612,-21706.021154,-9744.152298,-9149.006553 
22/01/2008 00:00,733429.000000,113.000000,1,1,3,-45678.581603,-37656.801780,-21530.693530,-9756.487572,-9158.344283 
23/01/2008 00:00,733430.000000,114.000000,1,1,3,-46917.581357,-37484.567200,-21365.719479,-9768.638835,-9167.739629 
24/01/2008 00:00,733431.000000,115.000000,1,1,3,-48065.842017,-37392.636252,-21211.905394,-9780.618360,-9177.188691 
25/01/2008 00:00,733432.000000,116.000000,1,1,3,-48878.103527,-37352.455701,-21069.362841,-9792.438585,-9186.687847 
26/01/2008 00:00,733433.000000,117.000000,1,1,3,-49062.978454,-37321.519779,-20937.282645,-9804.111080,-9196.233734 
27/01/2008 00:00,733434.000000,118.000000,1,1,3,-48727.728775,-37268.292375,-20814.265751,-9815.645876,-9205.823216 
28/01/2008 00:00,733435.000000,119.000000,1,1,3,-47709.843901,-37155.022155,-20698.245287,-9827.050706,-9215.453343 
29/01/2008 00:00,733436.000000,120.000000,1,1,3,-46461.378461,-36975.172477,-20587.210699,-9838.331056,-9225.121307 
30/01/2008 00:00,733437.000000,121.000000,1,1,3,-45531.975835,-36755.506907,-20479.901932,-9849.490998,-9234.824415 
31/01/2008 00:00,733438.000000,122.000000,1,1,3,-44858.837813,-36515.906935,-20375.590925,-9860.533789,-9244.560074 
01/02/2008 00:00,733439.000000,123.000000,1,1,3,-44173.844886,-36258.280244,-20273.654775,-9871.461991,-9254.325774 
02/02/2008 00:00,733440.000000,124.000000,1,1,3,-43406.992631,-35980.314198,-20173.477420,-9882.277472,-9264.119076 
03/02/2008 00:00,733441.000000,125.000000,1,1,3,-42644.720706,-35684.922687,-20074.556361,-9892.981541,-9273.937603 
04/02/2008 00:00,733442.000000,126.000000,1,1,3,-42288.197597,-35397.098602,-19976.944627,-9903.575563,-9283.779035 
05/02/2008 00:00,733443.000000,127.000000,1,1,3,-41890.535623,-35113.724907,-19880.627804,-9914.060895,-9293.641112 
06/02/2008 00:00,733444.000000,128.000000,1,1,3,-22127.853414,-34784.368021,-19784.634039,-9924.437806,-9303.521751 
07/02/2008 00:00,733445.000000,129.000000,1,1,3,-20694.618773,-33543.251598,-19670.533080,-9934.685729,-9313.418277 
08/02/2008 00:00,733446.000000,130.000000,1,1,3,-15124.613745,-32352.917723,-19540.834231,-9944.786748,-9323.327880 
09/02/2008 00:00,733447.000000,131.000000,1,1,3,-10525.215455,-31048.572971,-19394.649420,-9954.721948,-9333.247456 
10/02/2008 00:00,733448.000000,132.000000,1,1,3,-7591.479964,-29682.409280,-19232.322360,-9964.472786,-9343.173621 
11/02/2008 00:00,733449.000000,133.000000,1,1,3,-5534.582955,-28331.815934,-19055.816382,-9974.022937,-9353.102751 
12/02/2008 00:00,733450.000000,134.000000,1,1,3,-4029.776519,-27012.428940,-18867.475939,-9983.358760,-9363.031033 
13/02/2008 00:00,733451.000000,135.000000,1,1,3,-2955.542991,-25693.747327,-18669.370897,-9992.468996,-9372.954511 
14/02/2008 00:00,733452.000000,136.000000,1,1,3,-2421.045553,-24302.435549,-18462.762649,-10001.343868,-9382.869110 
15/02/2008 00:00,733453.000000,137.000000,1,1,3,-1733.148603,-22867.566914,-18247.713518,-10009.973683,-9392.770647 
16/02/2008 00:00,733454.000000,138.000000,1,1,3,-1281.335816,-21012.127962,-18024.004914,-10018.348651,-9402.654825 
17/02/2008 00:00,733455.000000,139.000000,1,1,3,-1088.134975,-18625.127628,-17785.939290,-10026.452561,-9412.517130 
18/02/2008 00:00,733456.000000,140.000000,1,1,3,-996.676399,-16297.360509,-17526.453037,-10034.261019,-9422.352688 
19/02/2008 00:00,733457.000000,141.000000,1,1,3,-949.926442,-14334.819478,-17247.850041,-10041.752306,-9432.156309 
20/02/2008 00:00,733458.000000,142.000000,1,1,3,-924.054404,-12767.096611,-16957.205231,-10048.912901,-9441.922635 
21/02/2008 00:00,733459.000000,143.000000,1,1,3,-908.971543,-11526.077687,-16661.556930,-10055.737424,-9451.646282 
22/02/2008 00:00,733460.000000,144.000000,1,1,3,-900.173120,-10535.647358,-16366.249084,-10062.226655,-9461.321956 
23/02/2008 00:00,733461.000000,145.000000,1,1,3,-895.483865,-9734.510545,-16074.927649,-10068.385559,-9470.944525 
24/02/2008 00:00,733462.000000,146.000000,1,1,3,-893.747873,-9077.274227,-15789.942948,-10074.221779,-9480.509066 
25/02/2008 00:00,733463.000000,147.000000,1,1,3,-894.294612,-8530.939841,-15512.738672,-10079.744585,-9490.010893 
26/02/2008 00:00,733464.000000,148.000000,1,1,3,-896.708439,-8071.422347,-15244.144444,-10084.964161,-9499.445568 
27/02/2008 00:00,733465.000000,149.000000,1,1,3,-900.660610,-7680.913817,-14984.579990,-10089.891136,-9508.808910 
28/02/2008 00:00,733466.000000,150.000000,1,1,3,-865.006389,-7344.142043,-14734.190088,-10094.536268,-9518.096990 
29/02/2008 00:00,733467.000000,151.000000,1,1,3,-704.014518,-7048.837802,-14492.901577,-10098.910214,-9527.306128 
01/03/2008 00:00,733468.000000,152.000000,1,1,3,-659.804499,-6800.656728,-14260.517016,-10103.023354,-9536.432887 
02/03/2008 00:00,733469.000000,153.000000,1,1,3,-640.464778,-6590.077662,-14037.026207,-10106.885942,-9545.474062 
03/03/2008 00:00,733470.000000,154.000000,1,1,3,-627.936359,-6409.663858,-13822.307141,-10110.508070,-9554.426677 
04/03/2008 00:00,733471.000000,155.000000,1,1,3,-617.752546,-6253.727673,-13616.157560,-10113.899587,-9563.287980 
05/03/2008 00:00,733472.000000,156.000000,1,1,3,-609.430059,-6117.926569,-13418.322783,-10117.070043,-9572.055431 
06/03/2008 00:00,733473.000000,157.000000,1,1,3,-603.093693,-5998.896110,-13228.516614,-10120.028655,-9580.726695 
07/03/2008 00:00,733474.000000,158.000000,1,1,3,-598.246632,-5893.965371,-13046.435650,-10122.784288,-9589.299632 
08/03/2008 00:00,733475.000000,159.000000,1,1,3,-594.472796,-5800.990626,-12871.768554,-10125.345448,-9597.772289 
09/03/2008 00:00,733476.000000,160.000000,1,1,3,-592.108887,-5718.246921,-12704.202649,-10127.720281,-9606.142891 
10/03/2008 00:00,733477.000000,161.000000,1,1,3,-591.518852,-5644.327873,-12543.428830,-10129.916580,-9614.409831 
11/03/2008 00:00,733478.000000,162.000000,1,1,3,-591.248891,-5578.049718,-12389.144740,-10131.941785,-9622.571663 
12/03/2008 00:00,733479.000000,163.000000,1,1,3,-591.598464,-5518.430588,-12241.056391,-10133.803003,-9630.627092 
13/03/2008 00:00,733480.000000,164.000000,1,1,3,-597.057615,-5464.703729,-12098.879953,-10135.507012,-9638.574969 
14/03/2008 00:00,733481.000000,165.000000,1,1,3,-603.130810,-5416.157248,-11962.343649,-10137.060279,-9646.414279 
15/03/2008 00:00,733482.000000,166.000000,1,1,3,-608.470130,-5372.171276,-11831.186534,-10138.468970,-9654.144138 
16/03/2008 00:00,733483.000000,167.000000,1,1,3,-616.012785,-5332.273872,-11705.158748,-10139.738964,-9661.763783 
17/03/2008 00:00,733484.000000,168.000000,1,1,3,-624.567082,-5296.015921,-11584.022671,-10140.875867,-9669.272567 
18/03/2008 00:00,733485.000000,169.000000,1,1,3,-625.495859,-5262.893333,-11467.551208,-10141.885023,-9676.669954 
19/03/2008 00:00,733486.000000,170.000000,1,1,3,-635.263529,-5232.617158,-11355.525807,-10142.771529,-9683.955507 
20/03/2008 00:00,733487.000000,171.000000,1,1,3,-649.899597,-5204.915777,-11247.739809,-10143.540242,-9691.128891 
21/03/2008 00:00,733488.000000,172.000000,1,1,3,-662.790857,-5179.505854,-11143.997259,-10144.195792,-9698.189859 
22/03/2008 00:00,733489.000000,173.000000,1,1,3,-676.377185,-5156.159966,-11044.111573,-10144.742599,-9705.138254 
23/03/2008 00:00,733490.000000,174.000000,1,1,3,-691.964123,-5134.688766,-10947.905735,-10145.184874,-9711.973997 
24/03/2008 00:00,733491.000000,175.000000,1,1,3,-706.944960,-5114.908474,-10855.212043,-10145.526640,-9718.697090 
25/03/2008 00:00,733492.000000,176.000000,1,1,3,-721.615975,-5096.658817,-10765.871317,-10145.771733,-9725.307606 
26/03/2008 00:00,733493.000000,177.000000,1,1,3,-737.470768,-5079.807772,-10679.732611,-10145.923819,-9731.805684 
27/03/2008 00:00,733494.000000,178.000000,1,1,3,-730.249889,-5064.100254,-10596.652458,-10145.986397,-9738.191531 
28/03/2008 00:00,733495.000000,179.000000,1,1,3,-744.374436,-5049.558842,-10516.492800,-10145.962810,-9744.465413 
29/03/2008 00:00,733496.000000,180.000000,1,1,3,-773.573657,-5036.166325,-10439.125788,-10145.856249,-9750.627651 
30/03/2008 00:00,733497.000000,181.000000,1,1,3,-799.088142,-5023.807718,-10364.431705,-10145.669771,-9756.678623 
31/03/2008 00:00,733498.000000,182.000000,1,1,3,-828.791061,-5012.422998,-10292.296598,-10145.406299,-9762.618755 
01/04/2008 00:00,733499.000000,183.000000,1,1,3,-856.453426,-5001.922653,-10222.612684,-10145.068633,-9768.448519 
02/04/2008 00:00,733500.000000,184.000000,1,1,3,-880.309497,-4992.214156,-10155.277235,-10144.659456,-9774.168434 
03/04/2008 00:00,733501.000000,185.000000,1,1,3,-902.950171,-4983.230097,-10090.192236,-10144.181340,-9779.779059 
04/04/2008 00:00,733502.000000,186.000000,1,1,3,-929.637003,-4974.934197,-10027.264572,-10143.636746,-9785.280992 
05/04/2008 00:00,733503.000000,187.000000,1,1,3,-957.946264,-4967.284487,-9966.406184,-10143.028039,-9790.674867 
06/04/2008 00:00,733504.000000,188.000000,1,1,3,-984.377740,-4960.229517,-9907.533523,-10142.357484,-9795.961352 
07/04/2008 00:00,733505.000000,189.000000,1,1,3,-1005.107631,-4953.708394,-9850.566993,-10141.627259,-9801.141148 
08/04/2008 00:00,733506.000000,190.000000,1,1,3,-1030.941626,-4947.708787,-9795.430673,-10140.839450,-9806.214984 
09/04/2008 00:00,733507.000000,191.000000,1,1,3,-1052.357111,-4942.182716,-9742.052750,-10139.996065,-9811.183618 
10/04/2008 00:00,733508.000000,192.000000,1,1,3,-1074.354290,-4937.105479,-9690.364681,-10139.099033,-9816.047832 
11/04/2008 00:00,733509.000000,193.000000,1,1,3,-1109.006906,-4932.499217,-9640.301559,-10138.150205,-9820.808433 
12/04/2008 00:00,733510.000000,194.000000,1,1,3,-1149.687290,-4928.358889,-9591.802522,-10137.151367,-9825.466250 
13/04/2008 00:00,733511.000000,195.000000,1,1,3,-1191.517570,-4924.663217,-9544.809955,-10136.104234,-9830.022133 
14/04/2008 00:00,733512.000000,196.000000,1,1,3,-1232.570238,-4921.387572,-9499.268983,-10135.010462,-9834.476948 
15/04/2008 00:00,733513.000000,197.000000,1,1,3,-1272.918425,-4918.509935,-9455.127232,-10133.871646,-9838.831582 
16/04/2008 00:00,733514.000000,198.000000,1,1,3,-1313.554339,-4916.013724,-9412.334726,-10132.689323,-9843.086936 
17/04/2008 00:00,733515.000000,199.000000,1,1,3,-1354.969625,-4913.885536,-9370.843826,-10131.464978,-9847.243927 
18/04/2008 00:00,733516.000000,200.000000,1,1,3,-1396.858408,-4912.112303,-9330.609124,-10130.200041,-9851.303485 
19/04/2008 00:00,733517.000000,201.000000,1,1,3,-1439.283083,-4910.682420,-9291.587313,-10128.895896,-9855.266551 
20/04/2008 00:00,733518.000000,202.000000,1,1,3,-1482.297503,-4909.585552,-9253.737077,-10127.553878,-9859.134078 
21/04/2008 00:00,733519.000000,203.000000,1,1,3,-1525.933749,-4908.812450,-9217.018986,-10126.175277,-9862.907031 
22/04/2008 00:00,733520.000000,204.000000,1,1,3,-1570.209890,-4908.354809,-9181.395402,-10124.761339,-9866.586380 
23/04/2008 00:00,733521.000000,205.000000,1,1,3,-1615.126830,-4908.205119,-9146.830383,-10123.313273,-9870.173107 
24/04/2008 00:00,733522.000000,206.000000,1,1,3,-1660.366157,-4908.355622,-9113.289590,-10121.832245,-9873.668199 
25/04/2008 00:00,733523.000000,207.000000,1,1,3,-1706.279118,-4908.800263,-9080.740190,-10120.319384,-9877.072649 
26/04/2008 00:00,733524.000000,208.000000,1,1,3,-1752.758283,-4909.533220,-9049.150795,-10118.775786,-9880.387456 
27/04/2008 00:00,733525.000000,209.000000,1,1,3,-1799.842330,-4910.549281,-9018.491382,-10117.202509,-9883.613624 
28/04/2008 00:00,733526.000000,210.000000,1,1,3,-1847.641053,-4911.843948,-8988.733221,-10115.600582,-9886.752160 
29/04/2008 00:00,733527.000000,211.000000,1,1,3,-1895.859824,-4913.412223,-8959.848809,-10113.970999,-9889.804076 
30/04/2008 00:00,733528.000000,212.000000,1,1,3,-1944.429308,-4915.249230,-8931.811796,-10112.314728,-9892.770384 
01/05/2008 00:00,733529.000000,213.000000,1,1,3,-1993.294063,-4917.351044,-8904.596930,-10110.632704,-9895.652099 
02/05/2008 00:00,733530.000000,214.000000,1,1,3,-2043.214720,-4919.719730,-8878.180069,-10108.925837,-9898.450236 
03/05/2008 00:00,733531.000000,215.000000,1,1,3,-2092.284212,-4922.343077,-8852.538001,-10107.195011,-9901.165814 
04/05/2008 00:00,733532.000000,216.000000,1,1,3,-2141.724298,-4925.216824,-8827.648367,-10105.441083,-9903.799849 
05/05/2008 00:00,733533.000000,217.000000,1,1,3,-2191.088642,-4928.335408,-8803.489679,-10103.664887,-9906.353356 
06/05/2008 00:00,733534.000000,218.000000,1,1,3,-2239.675050,-4931.690984,-8780.041235,-10101.867230,-9908.827352 
07/05/2008 00:00,733535.000000,219.000000,1,1,3,-2286.730149,-4935.272937,-8757.283031,-10100.048902,-9911.222851 
08/05/2008 00:00,733536.000000,220.000000,1,1,3,-2333.502343,-4939.073206,-8735.183681,-10098.210660,-9913.540850 
09/05/2008 00:00,733537.000000,221.000000,1,1,3,-2379.617967,-4943.077932,-8713.737204,-10096.353238,-9915.782373 
10/05/2008 00:00,733538.000000,222.000000,1,1,3,-2421.997903,-4947.254909,-8692.924914,-10094.477360,-9917.948427 
11/05/2008 00:00,733539.000000,223.000000,1,1,3,-2421.127590,-4951.247429,-8672.735457,-10092.583732,-9920.040032 
12/05/2008 00:00,733540.000000,224.000000,1,1,3,-2385.869610,-4954.790623,-8653.130481,-10090.673032,-9922.058173 
13/05/2008 00:00,733541.000000,225.000000,1,1,3,36.138100,-469.462182,-8196.343718,-10088.302181,-9923.997000 
14/05/2008 00:00,733542.000000,226.000000,1,1,3,41.311336,-117.745742,-3758.282742,-10006.889947,-9924.392669 
15/05/2008 00:00,733543.000000,227.000000,1,1,3,-195.687105,-184.203885,-1156.889749,-9786.124900,-9920.758225 
16/05/2008 00:00,733544.000000,228.000000,1,1,3,-450.150105,-350.008291,-863.032492,-9230.453928,-9909.828055 
17/05/2008 00:00,733545.000000,229.000000,1,1,3,-599.647434,-470.300008,-1010.340598,-8530.625210,-8959.862650 
18/05/2008 00:00,733546.000000,230.000000,1,1,3,-738.672130,-574.051987,-1147.744050,-8248.955058,-8953.388004 
19/05/2008 00:00,733547.000000,231.000000,1,1,3,-874.155290,-666.404230,-1253.134899,-8055.488767,-8945.695836 
20/05/2008 00:00,733548.000000,232.000000,1,1,3,-1019.902615,-758.022234,-1362.978809,-7892.145812,-8934.954263 
21/05/2008 00:00,733549.000000,233.000000,1,1,3,-1167.452432,-844.712029,-1454.212681,-7768.119860,-8923.747328 
22/05/2008 00:00,733550.000000,234.000000,1,1,3,-1297.350206,-928.323821,-1550.447749,-7658.722440,-8909.439339 
23/05/2008 00:00,733551.000000,235.000000,1,1,3,-1443.032881,-1007.891818,-1632.952065,-7571.797880,-8895.175238 
24/05/2008 00:00,733552.000000,236.000000,1,1,3,-1607.835431,-1088.279186,-1717.342732,-7493.921729,-8878.179818 
25/05/2008 00:00,733553.000000,237.000000,1,1,3,-1729.683390,-1164.030547,-1792.624563,-7429.043891,-8861.308846 
26/05/2008 00:00,733554.000000,238.000000,1,1,3,252.982820,-1111.619085,-1858.880433,-7370.696250,-8842.390895 
27/05/2008 00:00,733555.000000,239.000000,1,1,3,270.301628,-14.741214,-1823.625424,-7320.250417,-8823.926077 
28/05/2008 00:00,733556.000000,240.000000,1,1,3,125.593203,142.978318,-135.490985,-7251.625045,-8803.871125 
29/05/2008 00:00,733557.000000,241.000000,1,1,3,-325.147867,-402.066810,-749.769405,-4135.339338,-8751.281433 
30/05/2008 00:00,733558.000000,242.000000,1,1,3,-568.794086,-492.322238,-865.530643,-4001.824256,-8606.938133 
31/05/2008 00:00,733559.000000,243.000000,1,1,3,-758.294090,-594.754656,-954.235825,-3913.092520,-8453.408629 
01/06/2008 00:00,733560.000000,244.000000,1,1,3,-924.510210,-692.403377,-1039.122885,-3846.950049,-8294.676709 
02/06/2008 00:00,733561.000000,245.000000,1,1,3,-1081.832329,-784.825489,-1118.825088,-3795.922516,-8133.100360 
03/06/2008 00:00,733562.000000,246.000000,1,1,3,62.098250,-726.981068,-1175.485143,-3755.130023,-7970.576394 
04/06/2008 00:00,733563.000000,247.000000,1,1,3,72.626999,-26.165368,-1110.508089,-3719.120150,-7809.259722 
05/06/2008 00:00,733564.000000,248.000000,1,1,3,558.326845,581.857007,309.559267,-3657.332306,-7650.037955 
06/06/2008 00:00,733565.000000,249.000000,1,1,3,104.243847,-329.406615,-691.378882,-1567.672665,-7417.989680 
07/06/2008 00:00,733566.000000,250.000000,1,1,3,50.536992,44.197964,-524.326114,-1557.078629,-6090.479873 
08/06/2008 00:00,733567.000000,251.000000,1,1,3,-147.171185,-17.432076,69.586664,-1512.137233,-5194.831719 
09/06/2008 00:00,733568.000000,252.000000,1,1,3,-1069.001802,-1048.476905,-971.417069,-1125.412062,-4459.110139 
10/06/2008 00:00,733569.000000,253.000000,1,1,3,-1294.353795,-1074.419484,-1003.620193,-1134.859507,-3555.089788 
11/06/2008 00:00,733570.000000,254.000000,1,1,3,-1528.136377,-1115.492764,-1033.886131,-1142.227295,-2986.728229 
12/06/2008 00:00,733571.000000,255.000000,1,1,3,-1755.252122,-1165.840516,-1063.600341,-1148.372694,-2588.895069 
13/06/2008 00:00,733572.000000,256.000000,1,1,3,-1974.523797,-1222.122808,-1093.258042,-1153.763842,-2290.442508 
14/06/2008 00:00,733573.000000,257.000000,1,1,3,-2199.052500,-1283.079734,-1123.059819,-1158.674436,-2055.599985 
15/06/2008 00:00,733574.000000,258.000000,1,1,3,-2435.627961,-1347.984220,-1153.090721,-1163.269021,-1864.484761 
16/06/2008 00:00,733575.000000,259.000000,1,1,3,-2679.269956,-1415.436455,-1183.279390,-1167.642941,-1705.301754 
17/06/2008 00:00,733576.000000,260.000000,1,1,3,-2925.964473,-1484.555748,-1213.471292,-1171.841789,-1570.663768 
18/06/2008 00:00,733577.000000,261.000000,1,1,3,-3203.600575,-1555.948224,-1243.574957,-1175.876235,-1455.761733 
19/06/2008 00:00,733578.000000,262.000000,1,1,3,-3493.847712,-1628.692431,-1273.430601,-1179.731561,-1357.381215 
20/06/2008 00:00,733579.000000,263.000000,1,1,3,-2648.100969,-1656.963568,-1300.295447,-1183.355927,-1273.285675 
21/06/2008 00:00,733580.000000,264.000000,1,1,3,-2249.356049,-1668.885425,-1323.793599,-1186.686655,-1201.814497 
22/06/2008 00:00,733581.000000,265.000000,1,1,3,-2651.157314,-1698.428963,-1345.445980,-1189.677295,-1141.621690 
23/06/2008 00:00,733582.000000,266.000000,1,1,3,-3066.075985,-1740.491809,-1366.141088,-1192.301659,-1091.516413 
24/06/2008 00:00,733583.000000,267.000000,1,1,3,-3481.524588,-1792.484089,-1386.438959,-1194.555436,-1050.364807 
25/06/2008 00:00,733584.000000,268.000000,1,1,3,-3911.740027,-1852.739054,-1406.678977,-1196.456116,-1017.048639 
26/06/2008 00:00,733585.000000,269.000000,1,1,3,-4356.804416,-1919.567758,-1427.017899,-1198.039716,-990.466743 
27/06/2008 00:00,733586.000000,270.000000,1,1,3,-4808.625409,-1991.249826,-1447.480813,-1199.355096,-969.558384 
28/06/2008 00:00,733587.000000,271.000000,1,1,3,-5274.487038,-2066.112243,-1467.968132,-1200.457135,-953.338298 
29/06/2008 00:00,733588.000000,272.000000,1,1,3,-5727.065636,-2142.051735,-1488.298658,-1201.400367,-940.922286 
30/06/2008 00:00,733589.000000,273.000000,1,1,3,-6172.786900,-2218.707299,-1508.396370,-1202.235709,-931.539945 
01/07/2008 00:00,733590.000000,274.000000,1,1,3,-6600.624203,-2295.622397,-1528.221455,-1203.008354,-924.542418 
02/07/2008 00:00,733591.000000,275.000000,1,1,3,-99.971780,-2208.690764,-1540.941616,-1203.709906,-919.390308 
03/07/2008 00:00,733592.000000,276.000000,1,1,3,44.168862,-720.817356,-1491.370858,-1203.952560,-915.551677 
04/07/2008 00:00,733593.000000,277.000000,1,1,3,-650.761519,-515.324862,-1306.881764,-1202.823131,-912.372574 
05/07/2008 00:00,733594.000000,278.000000,1,1,3,-857.389137,-644.960652,-1112.635980,-1199.959776,-909.252278 
06/07/2008 00:00,733595.000000,279.000000,1,1,3,-1056.004459,-751.588567,-1044.277834,-1195.881602,-905.863621 
07/07/2008 00:00,733596.000000,280.000000,1,1,3,-1222.930792,-844.761609,-1024.496853,-1191.305571,-902.143662 
08/07/2008 00:00,733597.000000,281.000000,1,1,3,-1407.932773,-933.069228,-1028.478917,-1186.709512,-898.169116 
09/07/2008 00:00,733598.000000,282.000000,1,1,3,-1603.472333,-1018.495558,-1045.655967,-1182.363990,-894.069047 
10/07/2008 00:00,733599.000000,283.000000,1,1,3,-1807.866818,-1102.175796,-1070.374885,-1178.397012,-889.974365 
11/07/2008 00:00,733600.000000,284.000000,1,1,3,-2023.882152,-1184.746719,-1099.445265,-1174.855721,-885.996364 
12/07/2008 00:00,733601.000000,285.000000,1,1,3,-2283.862050,-1267.723807,-1131.031163,-1171.752943,-882.224367 
13/07/2008 00:00,733602.000000,286.000000,1,1,3,-2532.729695,-1348.943678,-1163.644224,-1169.072815,-878.722258 
14/07/2008 00:00,733603.000000,287.000000,1,1,3,-2762.402702,-1428.121088,-1196.302230,-1166.780085,-875.526982 
15/07/2008 00:00,733604.000000,288.000000,1,1,3,-2997.407178,-1505.986957,-1228.485466,-1164.838126,-872.654808 
16/07/2008 00:00,733605.000000,289.000000,1,1,3,-3301.033374,-1585.453124,-1260.040542,-1163.216516,-870.109201 
17/07/2008 00:00,733606.000000,290.000000,1,1,3,-3623.613444,-1665.741335,-1290.788681,-1161.888921,-867.885583 
18/07/2008 00:00,733607.000000,291.000000,1,1,3,-3945.073608,-1745.720109,-1320.534110,-1160.830921,-865.973755 
19/07/2008 00:00,733608.000000,292.000000,1,1,3,-4286.157484,-1825.788580,-1349.196550,-1160.020018,-864.359555 
20/07/2008 00:00,733609.000000,293.000000,1,1,3,-4646.242572,-1906.097968,-1376.753576,-1159.436278,-863.026562 
21/07/2008 00:00,733610.000000,294.000000,1,1,3,-5036.094012,-1986.838539,-1403.203936,-1159.062356,-861.957595 
22/07/2008 00:00,733611.000000,295.000000,1,1,3,-5431.844617,-2067.474306,-1428.546894,-1158.882755,-861.135471 
23/07/2008 00:00,733612.000000,296.000000,1,1,3,-3841.946151,-2087.557290,-1449.812579,-1158.860061,-860.536896 
24/07/2008 00:00,733613.000000,297.000000,1,1,3,123.907254,-1992.157788,-1462.486996,-1158.923824,-860.124707 
25/07/2008 00:00,733614.000000,298.000000,1,1,3,80.452381,-131.754215,-1385.806677,-1158.378564,-859.673297 
26/07/2008 00:00,733615.000000,299.000000,1,1,3,-354.883187,-234.673440,-557.115589,-1151.120928,-857.276387 
27/07/2008 00:00,733616.000000,300.000000,1,1,3,-593.673679,-416.603735,-502.227438,-1126.123117,-848.406001 
28/07/2008 00:00,733617.000000,301.000000,1,1,3,-782.203341,-556.328914,-584.823112,-1100.735838,-834.633097 
29/07/2008 00:00,733618.000000,302.000000,1,1,3,-957.455120,-668.645787,-664.719910,-1083.702110,-819.632695 
30/07/2008 00:00,733619.000000,303.000000,1,1,3,-1124.844113,-766.515157,-735.497487,-1071.640353,-805.232145 
31/07/2008 00:00,733620.000000,304.000000,1,1,3,-1284.925795,-855.404704,-798.775764,-1062.592009,-792.216640 
01/08/2008 00:00,733621.000000,305.000000,1,1,3,-1457.557049,-939.966714,-856.312795,-1055.529816,-780.845846 
02/08/2008 00:00,733622.000000,306.000000,1,1,3,-1627.158295,-1020.721680,-909.141506,-1049.871620,-771.116459 
03/08/2008 00:00,733623.000000,307.000000,1,1,3,-1590.239635,-1079.721181,-955.824676,-1045.239543,-762.895845 
04/08/2008 00:00,733624.000000,308.000000,1,1,3,-478.765557,-1039.989617,-987.529216,-1041.256783,-755.957958 
05/08/2008 00:00,733625.000000,309.000000,1,1,3,-205.818018,-880.197639,-994.520705,-1037.486928,-749.992299 
06/08/2008 00:00,733626.000000,310.000000,1,1,3,421.848224,-432.544427,-941.460066,-1033.105357,-744.503293 
07/08/2008 00:00,733627.000000,311.000000,1,1,3,351.933116,324.535755,-633.497463,-1024.589090,-737.977909 
08/08/2008 00:00,733628.000000,312.000000,1,1,3,-438.056017,-260.407782,-119.205557,-999.715554,-725.301409 
09/08/2008 00:00,733629.000000,313.000000,1,1,3,-708.235872,-620.247335,-573.083545,-898.187825,-682.692723 
10/08/2008 00:00,733630.000000,314.000000,1,1,3,-897.700962,-694.030496,-650.018288,-887.600644,-648.435691 
11/08/2008 00:00,733631.000000,315.000000,1,1,3,-937.116504,-752.010253,-709.200185,-879.826728,-622.737802 
12/08/2008 00:00,733632.000000,316.000000,1,1,3,-1000.809111,-804.035988,-757.726609,-873.565371,-603.773122 
13/08/2008 00:00,733633.000000,317.000000,1,1,3,-1187.999494,-867.181694,-801.123402,-868.325242,-589.811241 
14/08/2008 00:00,733634.000000,318.000000,1,1,3,59.254895,-789.439045,-823.591726,-863.622465,-579.347031 
15/08/2008 00:00,733635.000000,319.000000,1,1,3,641.764633,497.034186,-680.361266,-856.811326,-570.248453 
16/08/2008 00:00,733636.000000,320.000000,1,1,3,822.021698,925.463757,974.526298,-818.266056,-548.971394 
17/08/2008 00:00,733637.000000,321.000000,1,1,3,49.698044,-129.825859,-202.841563,-493.640493,-403.629071 
18/08/2008 00:00,733638.000000,322.000000,1,1,3,-325.488907,-213.183795,-240.113138,-464.256342,-274.020970 
19/08/2008 00:00,733639.000000,323.000000,1,1,3,-560.278110,-399.494679,-341.301710,-444.738690,-189.834900 
20/08/2008 00:00,733640.000000,324.000000,1,1,3,-714.687158,-515.494691,-430.643775,-433.387766,-148.156424 
21/08/2008 00:00,733641.000000,325.000000,1,1,3,-847.547070,-604.071918,-497.380096,-425.498722,-130.440117 
22/08/2008 00:00,733642.000000,326.000000,1,1,3,-978.518630,-680.274348,-548.589478,-419.797987,-121.966996 
23/08/2008 00:00,733643.000000,327.000000,1,1,3,-1101.298357,-747.764232,-588.299717,-415.690294,-116.957059 
24/08/2008 00:00,733644.000000,328.000000,1,1,3,-1210.763204,-807.632820,-619.101743,-412.742713,-113.607715 
25/08/2008 00:00,733645.000000,329.000000,1,1,3,-1320.224061,-861.980824,-643.169971,-410.651580,-111.281936 
26/08/2008 00:00,733646.000000,330.000000,1,1,3,-1431.827247,-912.139755,-662.267975,-409.208895,-109.680144 
27/08/2008 00:00,733647.000000,331.000000,1,1,3,-1544.927881,-958.548729,-677.709697,-408.270652,-108.625448 
28/08/2008 00:00,733648.000000,332.000000,1,1,3,-1659.135865,-1001.436188,-690.424917,-407.733213,-107.998907 
29/08/2008 00:00,733649.000000,333.000000,1,1,3,-1758.641385,-1040.284062,-701.022039,-407.517426,-107.713127 
30/08/2008 00:00,733650.000000,334.000000,1,1,3,-1841.143361,-1074.952228,-709.952874,-407.562015,-107.701619 
31/08/2008 00:00,733651.000000,335.000000,1,1,3,-1159.178820,-1055.296077,-713.070324,-407.690707,-107.805996 
01/09/2008 00:00,733652.000000,336.000000,1,1,3,-375.947573,-979.177449,-708.104171,-407.672076,-107.807095 
02/09/2008 00:00,733653.000000,337.000000,1,1,3,-345.868364,-819.698736,-690.507237,-407.152618,-107.374097 
03/09/2008 00:00,733654.000000,338.000000,1,1,3,-420.142727,-715.813600,-667.666632,-405.991074,-106.333662 
04/09/2008 00:00,733655.000000,339.000000,1,1,3,56.372345,-576.825541,-635.434340,-403.914185,-104.427284 
05/09/2008 00:00,733656.000000,340.000000,1,1,3,-265.963561,-234.618682,-562.056523,-399.671630,-100.561634 
06/09/2008 00:00,733657.000000,341.000000,1,1,3,-502.547200,-362.827110,-459.247808,-392.013813,-93.481451 
07/09/2008 00:00,733658.000000,342.000000,1,1,3,-577.149962,-451.389458,-462.133860,-383.694494,-85.272770 
08/09/2008 00:00,733659.000000,343.000000,1,1,3,-272.398223,-446.815391,-472.803448,-376.004749,-77.412459 
09/09/2008 00:00,733660.000000,344.000000,1,1,3,-89.697034,-366.656893,-462.745217,-368.233910,-69.538703 
10/09/2008 00:00,733661.000000,345.000000,1,1,3,-333.703551,-328.693244,-436.295736,-359.545795,-60.852469 
