Date12[DDMMYYYYhhmm],JulianDayFromYear0[days],TimeFromStart[days],Simulation_Period,Run,IDpoint,75 ,300 ,600 ,900 ,1200  
01/10/2007 00:00,733316.000000,0.000000,1,1,1,-9925.004794,-9700.019176,-9400.038351,-9100.057527,-8800.076703 
02/10/2007 00:00,733317.000000,1.000000,1,1,1,-10327.495291,-9700.964379,-9400.041112,-9100.057566,-8800.078146 
03/10/2007 00:00,733318.000000,2.000000,1,1,1,-11026.774172,-9703.506943,-9400.050242,-9100.057606,-8800.079562 
04/10/2007 00:00,733319.000000,3.000000,1,1,1,-11707.284804,-9707.553701,-9400.070384,-9100.057658,-8800.081059 
05/10/2007 00:00,733320.000000,4.000000,1,1,1,-12372.382480,-9712.909008,-9400.102285,-9100.057704,-8800.082366 
06/10/2007 00:00,733321.000000,5.000000,1,1,1,-13172.493512,-9720.372687,-9400.165049,-9100.057826,-8800.084229 
07/10/2007 00:00,733322.000000,6.000000,1,1,1,-14116.121265,-9729.266941,-9402.997315,-10226.165432,-8807.208353 
08/10/2007 00:00,733323.000000,7.000000,1,1,1,-15018.569740,-9739.928827,-9403.085149,-9099.391489,-8807.131530 
09/10/2007 00:00,733324.000000,8.000000,1,1,1,-15869.780763,-9751.507156,-9404.715655,-9690.702015,-8810.753230 
10/10/2007 00:00,733325.000000,9.000000,1,1,1,-16805.671926,-9765.627631,-9404.867748,-9099.054543,-8810.617797 
11/10/2007 00:00,733326.000000,10.000000,1,1,1,-17723.241216,-9780.740585,-9408.387587,-10510.945973,-8819.470117 
12/10/2007 00:00,733327.000000,11.000000,1,1,1,-18552.813132,-9797.291663,-9408.580397,-9098.241747,-8819.285103 
13/10/2007 00:00,733328.000000,12.000000,1,1,1,-18798.662186,-9812.771238,-9409.078981,-9204.854885,-8819.807601 
14/10/2007 00:00,733329.000000,13.000000,1,1,1,-18753.275735,-9828.674995,-9409.369393,-9098.213136,-8819.533818 
15/10/2007 00:00,733330.000000,14.000000,1,1,1,-19160.227996,-9844.611867,-9414.416245,-11271.615813,-8833.198469 
16/10/2007 00:00,733331.000000,15.000000,1,1,1,-19654.339257,-9860.281196,-9414.870004,-9169.150814,-8833.410440 
17/10/2007 00:00,733332.000000,16.000000,1,1,1,-20308.555880,-9878.352077,-9415.224337,-9096.975239,-8832.994956 
18/10/2007 00:00,733333.000000,17.000000,1,1,1,-21161.691050,-9897.015107,-9419.556314,-10892.241929,-8843.690470 
19/10/2007 00:00,733334.000000,18.000000,1,1,1,-21909.577759,-9915.675902,-9419.897686,-9096.007665,-8843.416700 
20/10/2007 00:00,733335.000000,19.000000,1,1,1,-22000.696032,-9936.234468,-9420.358391,-9096.053942,-8842.890239 
21/10/2007 00:00,733336.000000,20.000000,1,1,1,-22806.015518,-9957.126071,-9424.689182,-10842.715750,-8853.082979 
22/10/2007 00:00,733337.000000,21.000000,1,1,1,-23530.180935,-9977.273661,-9425.187487,-9120.997117,-8852.901894 
23/10/2007 00:00,733338.000000,22.000000,1,1,1,-24126.871873,-9999.614084,-9425.740463,-9095.173872,-8852.296435 
24/10/2007 00:00,733339.000000,23.000000,1,1,1,-24023.424703,-10021.239377,-9429.772534,-10660.704973,-8861.157988 
25/10/2007 00:00,733340.000000,24.000000,1,1,1,-23881.887735,-10041.803441,-9430.304167,-9094.378872,-8860.776797 
26/10/2007 00:00,733341.000000,25.000000,1,1,1,-24653.462939,-10064.972994,-9430.979976,-9094.438750,-8860.101472 
27/10/2007 00:00,733342.000000,26.000000,1,1,1,-25288.045159,-10087.835983,-9434.860498,-10527.164584,-8868.067028 
28/10/2007 00:00,733343.000000,27.000000,1,1,1,-25738.516266,-10109.963271,-9435.487975,-9093.728397,-8867.632697 
29/10/2007 00:00,733344.000000,28.000000,1,1,1,-25562.956053,-10133.089146,-9436.255734,-9093.790191,-8866.941433 
30/10/2007 00:00,733345.000000,29.000000,1,1,1,-25400.428062,-10155.436778,-9439.471033,-10150.859597,-8872.584703 
31/10/2007 00:00,733346.000000,30.000000,1,1,1,-26016.041252,-10178.062326,-9440.238747,-9093.299362,-8872.044785 
01/11/2007 00:00,733347.000000,31.000000,1,1,1,-26468.034009,-10200.458373,-9441.027835,-9093.345543,-8871.534988 
02/11/2007 00:00,733348.000000,32.000000,1,1,1,-12485.302011,-10202.340948,-9441.835205,-9093.397074,-8870.957424 
03/11/2007 00:00,733349.000000,33.000000,1,1,1,-7615.222546,-10196.923507,-9442.907022,-9224.895033,-8871.262340 
04/11/2007 00:00,733350.000000,34.000000,1,1,1,-7624.793682,-10188.608821,-9443.714260,-9093.429817,-8870.533307 
05/11/2007 00:00,733351.000000,35.000000,1,1,1,-7848.636106,-10181.296906,-9447.133959,-10284.118055,-8876.868842 
06/11/2007 00:00,733352.000000,36.000000,1,1,1,-8042.007809,-10175.117266,-9447.776112,-9092.873237,-8876.395441 
07/11/2007 00:00,733353.000000,37.000000,1,1,1,-8050.050749,-10168.704416,-9448.464532,-9092.938490,-8875.682947 
08/11/2007 00:00,733354.000000,38.000000,1,1,1,-8057.733367,-10162.532210,-9451.262136,-10030.232947,-8880.420616 
09/11/2007 00:00,733355.000000,39.000000,1,1,1,-8065.257872,-10156.520604,-9451.853396,-9092.531846,-8879.902653 
10/11/2007 00:00,733356.000000,40.000000,1,1,1,-8072.908376,-10150.362856,-9452.455269,-9092.589863,-8879.269044 
11/11/2007 00:00,733357.000000,41.000000,1,1,1,-8080.359536,-10144.461101,-9453.854621,-9425.589510,-8880.613439 
12/11/2007 00:00,733358.000000,42.000000,1,1,1,-8223.443680,-10138.722479,-9454.423263,-9092.517582,-8879.942476 
13/11/2007 00:00,733359.000000,43.000000,1,1,1,-8341.343773,-10133.583857,-9456.267163,-9631.418695,-8882.407154 
14/11/2007 00:00,733360.000000,44.000000,1,1,1,-8510.922711,-10128.926550,-9456.782885,-9092.332116,-8881.797648 
15/11/2007 00:00,733361.000000,45.000000,1,1,1,-8698.770961,-10125.035698,-9457.727668,-9273.695738,-8882.294623 
16/11/2007 00:00,733362.000000,46.000000,1,1,1,-8703.980316,-10121.015333,-9458.209623,-9092.343407,-8881.621291 
17/11/2007 00:00,733363.000000,47.000000,1,1,1,-8709.165793,-10117.111128,-9460.150479,-9714.864245,-8884.488363 
18/11/2007 00:00,733364.000000,48.000000,1,1,1,-8714.350288,-10113.215074,-9460.597754,-9092.114987,-8883.938539 
19/11/2007 00:00,733365.000000,49.000000,1,1,1,-8719.548200,-10109.319030,-9461.039437,-9092.166286,-8883.389925 
20/11/2007 00:00,733366.000000,50.000000,1,1,1,-8852.301178,-10105.764230,-9461.470597,-9092.217147,-8882.845797 
21/11/2007 00:00,733367.000000,51.000000,1,1,1,-8980.176027,-10102.701222,-9461.880714,-9092.266792,-8882.315283 
22/11/2007 00:00,733368.000000,52.000000,1,1,1,-13983.255175,-10106.668687,-9462.278760,-9092.315753,-8881.793751 
23/11/2007 00:00,733369.000000,53.000000,1,1,1,-50436.391638,-10150.735646,-9462.734457,-9092.361840,-8881.300601 
24/11/2007 00:00,733370.000000,54.000000,1,1,1,-103266.158065,-10251.260365,-9463.342456,-9092.410386,-8880.787660 
25/11/2007 00:00,733371.000000,55.000000,1,1,1,-82345.237514,-10325.548401,-9464.284103,-9192.841101,-8880.851016 
26/11/2007 00:00,733372.000000,56.000000,1,1,1,-45810.931635,-10361.110662,-9465.029405,-9092.449520,-8880.351582 
27/11/2007 00:00,733373.000000,57.000000,1,1,1,-29497.125767,-10379.475273,-9466.216630,-9273.331053,-8880.821884 
28/11/2007 00:00,733374.000000,58.000000,1,1,1,-34090.472070,-10402.122215,-9466.979712,-9092.443278,-8880.379727 
29/11/2007 00:00,733375.000000,59.000000,1,1,1,-62224.964507,-10452.819799,-9467.822872,-9092.488274,-8879.912255 
30/11/2007 00:00,733376.000000,60.000000,1,1,1,-181347.545100,-11139.894041,-9469.891939,-9237.118036,-8880.196799 
01/12/2007 00:00,733377.000000,61.000000,1,1,1,-294191.342675,-15617.632687,-9476.234489,-9144.252940,-8880.021118 
02/12/2007 00:00,733378.000000,62.000000,1,1,1,-274152.400773,-21943.173669,-9488.274106,-9104.606115,-8879.652231 
03/12/2007 00:00,733379.000000,63.000000,1,1,1,-176487.997856,-26929.098193,-9504.859607,-9092.560436,-8879.225890 
04/12/2007 00:00,733380.000000,64.000000,1,1,1,-59883.238621,-27690.373254,-9571.551364,-9094.050719,-8878.810479 
05/12/2007 00:00,733381.000000,65.000000,1,1,1,-17655.946614,-26688.742669,-9622.914431,-9092.679516,-8878.390566 
06/12/2007 00:00,733382.000000,66.000000,1,1,1,-13054.531307,-25632.691550,-9752.995394,-9094.248258,-8877.981045 
07/12/2007 00:00,733383.000000,67.000000,1,1,1,-21585.885500,-25010.973392,-9875.897308,-9093.033697,-8877.567525 
08/12/2007 00:00,733384.000000,68.000000,1,1,1,-344416.384717,-40566.196926,-10138.157884,-9093.097839,-8877.156322 
09/12/2007 00:00,733385.000000,69.000000,1,1,1,-631651.818448,-103227.865270,-11016.020530,-9094.524864,-8876.754135 
10/12/2007 00:00,733386.000000,70.000000,1,1,1,-366802.688423,-137540.815787,-12338.957053,-9097.533419,-8876.368732 
11/12/2007 00:00,733387.000000,71.000000,1,1,1,-257070.281362,-142618.498561,-13863.555449,-9102.136098,-8878.281391 
12/12/2007 00:00,733388.000000,72.000000,1,1,1,-204052.208658,-135964.693650,-15449.044070,-9108.357144,-8880.849089 
13/12/2007 00:00,733389.000000,73.000000,1,1,1,-173166.411837,-126219.213914,-17013.826774,-9116.179964,-8883.508542 
14/12/2007 00:00,733390.000000,74.000000,1,1,1,-152869.742859,-116594.761608,-18507.089589,-9125.536830,-8886.285108 
15/12/2007 00:00,733391.000000,75.000000,1,1,1,-137698.245361,-107944.621083,-19893.572383,-9136.323964,-8889.201931 
16/12/2007 00:00,733392.000000,76.000000,1,1,1,-125616.141159,-100395.018433,-21149.061858,-9148.411696,-8892.279485 
17/12/2007 00:00,733393.000000,77.000000,1,1,1,-114985.117683,-93755.651683,-22256.327508,-9161.651423,-8895.535303 
18/12/2007 00:00,733394.000000,78.000000,1,1,1,-105226.145906,-87825.398953,-23204.526861,-9175.881913,-8898.983803 
19/12/2007 00:00,733395.000000,79.000000,1,1,1,-97203.559278,-82596.645788,-23992.943733,-9190.939783,-8902.636294 
20/12/2007 00:00,733396.000000,80.000000,1,1,1,-90581.542947,-78013.888337,-24628.396403,-9206.667478,-8906.501128 
21/12/2007 00:00,733397.000000,81.000000,1,1,1,-85002.431253,-73993.944154,-25122.440340,-9222.918418,-8910.583940 
22/12/2007 00:00,733398.000000,82.000000,1,1,1,-80242.192747,-70455.077426,-25489.296836,-9239.560000,-8914.887948 
23/12/2007 00:00,733399.000000,83.000000,1,1,1,-76159.359011,-67326.942502,-25744.354881,-9256.475030,-8919.414255 
24/12/2007 00:00,733400.000000,84.000000,1,1,1,-72571.958990,-64542.617308,-25902.846639,-9273.561748,-8924.162170 
25/12/2007 00:00,733401.000000,85.000000,1,1,1,-69300.165981,-62038.017932,-25978.910947,-9290.732840,-8929.129484 
26/12/2007 00:00,733402.000000,86.000000,1,1,1,-66308.046909,-59765.471357,-25985.403454,-9307.914216,-8934.312736 
27/12/2007 00:00,733403.000000,87.000000,1,1,1,-63637.537486,-57695.712595,-25934.012413,-9325.043894,-8939.707444 
28/12/2007 00:00,733404.000000,88.000000,1,1,1,-61262.476904,-55805.564628,-25835.179208,-9342.070775,-8945.308316 
29/12/2007 00:00,733405.000000,89.000000,1,1,1,-59866.157440,-54139.955259,-25699.881311,-9358.955314,-8951.109461 
30/12/2007 00:00,733406.000000,90.000000,1,1,1,-58925.403191,-52686.263570,-25537.771123,-9375.668193,-8957.104584 
31/12/2007 00:00,733407.000000,91.000000,1,1,1,-58450.999046,-51436.877803,-25357.327340,-9392.189131,-8963.287141 
01/01/2008 00:00,733408.000000,92.000000,1,1,1,-57744.037867,-50328.812171,-25164.393178,-9408.504099,-8969.650465 
02/01/2008 00:00,733409.000000,93.000000,1,1,1,-57196.372276,-49346.336448,-24963.733697,-9424.604191,-8976.187847 
03/01/2008 00:00,733410.000000,94.000000,1,1,1,-56701.920645,-48469.219235,-24759.024054,-9440.484472,-8982.892611 
04/01/2008 00:00,733411.000000,95.000000,1,1,1,-56124.374634,-47671.207057,-24552.813806,-9456.142780,-8989.758160 
05/01/2008 00:00,733412.000000,96.000000,1,1,1,-55392.719770,-46926.169099,-24346.667013,-9471.578665,-8996.778006 
06/01/2008 00:00,733413.000000,97.000000,1,1,1,-54535.218135,-46215.418766,-24141.478539,-9486.792672,-9003.945783 
07/01/2008 00:00,733414.000000,98.000000,1,1,1,-53626.553800,-45529.517532,-23937.795744,-9501.785961,-9011.255255 
08/01/2008 00:00,733415.000000,99.000000,1,1,1,-52738.968422,-44866.149350,-23736.043055,-9516.560177,-9018.700322 
09/01/2008 00:00,733416.000000,100.000000,1,1,1,-51948.019109,-44228.900747,-23536.685500,-9531.117496,-9026.275027 
10/01/2008 00:00,733417.000000,101.000000,1,1,1,-51158.637738,-43613.920988,-23340.038283,-9545.460459,-9033.973558 
11/01/2008 00:00,733418.000000,102.000000,1,1,1,-49620.984452,-42965.499591,-23145.008755,-9559.590439,-9041.790226 
12/01/2008 00:00,733419.000000,103.000000,1,1,1,-48120.242331,-42292.279359,-22950.754356,-9573.507910,-9049.719368 
13/01/2008 00:00,733420.000000,104.000000,1,1,1,-46794.891318,-41610.784180,-22757.102702,-9587.213148,-9057.755574 
14/01/2008 00:00,733421.000000,105.000000,1,1,1,-45610.577891,-40932.269588,-22564.076332,-9600.706479,-9065.893454 
15/01/2008 00:00,733422.000000,106.000000,1,1,1,-44540.141699,-40264.170746,-22371.875176,-9613.988462,-9074.127717 
16/01/2008 00:00,733423.000000,107.000000,1,1,1,-43579.541616,-39612.305657,-22180.813277,-9627.060014,-9082.453172 
17/01/2008 00:00,733424.000000,108.000000,1,1,1,-42760.983012,-38983.447231,-21991.326458,-9639.922552,-9090.864739 
18/01/2008 00:00,733425.000000,109.000000,1,1,1,-42431.930626,-38404.518793,-21804.417163,-9652.578616,-9099.357461 
19/01/2008 00:00,733426.000000,110.000000,1,1,1,-42433.425671,-37888.243899,-21621.265115,-9665.032068,-9107.926529 
20/01/2008 00:00,733427.000000,111.000000,1,1,1,-42666.146186,-37439.499228,-21443.030380,-9677.288081,-9116.567297 
21/01/2008 00:00,733428.000000,112.000000,1,1,1,-43248.791380,-37069.687538,-21271.000850,-9689.353276,-9125.275309 
22/01/2008 00:00,733429.000000,113.000000,1,1,1,-44274.852500,-36794.458080,-21106.672766,-9701.235964,-9134.046322 
23/01/2008 00:00,733430.000000,114.000000,1,1,1,-45451.956995,-36611.031711,-20951.330796,-9712.945912,-9142.876330 
24/01/2008 00:00,733431.000000,115.000000,1,1,1,-46551.701452,-36504.509548,-20805.815271,-9724.493854,-9151.761575 
25/01/2008 00:00,733432.000000,116.000000,1,1,1,-47333.616647,-36448.382096,-20670.326638,-9735.890783,-9160.698549 
26/01/2008 00:00,733433.000000,117.000000,1,1,1,-47511.493134,-36402.740505,-20544.210770,-9747.146997,-9169.683980 
27/01/2008 00:00,733434.000000,118.000000,1,1,1,-47184.165210,-36337.658937,-20426.254920,-9758.271470,-9178.714805 
28/01/2008 00:00,733435.000000,119.000000,1,1,1,-46203.247788,-36217.885696,-20314.628165,-9769.271156,-9187.788131 
29/01/2008 00:00,733436.000000,120.000000,1,1,1,-45006.000580,-36037.358802,-20207.542668,-9780.151025,-9196.901198 
30/01/2008 00:00,733437.000000,121.000000,1,1,1,-44101.539779,-35819.928071,-20103.863524,-9790.914783,-9206.051354 
31/01/2008 00:00,733438.000000,122.000000,1,1,1,-43435.169150,-35583.535962,-20002.924707,-9801.565396,-9215.236043 
01/02/2008 00:00,733439.000000,123.000000,1,1,1,-42755.796468,-35329.866032,-19904.153067,-9812.105193,-9224.452785 
02/02/2008 00:00,733440.000000,124.000000,1,1,1,-42000.185948,-35056.912516,-19806.984255,-9822.535875,-9233.699171 
03/02/2008 00:00,733441.000000,125.000000,1,1,1,-41250.224077,-34767.450185,-19710.957830,-9832.858631,-9242.972850 
04/02/2008 00:00,733442.000000,126.000000,1,1,1,-40881.182337,-34484.260469,-19616.108256,-9843.074688,-9252.271526 
05/02/2008 00:00,733443.000000,127.000000,1,1,1,-40489.453025,-34205.458876,-19522.430173,-9853.185271,-9261.592962 
06/02/2008 00:00,733444.000000,128.000000,1,1,1,-20245.176873,-33888.014876,-19429.131248,-9863.190731,-9270.935078 
07/02/2008 00:00,733445.000000,129.000000,1,1,1,-18542.934922,-32656.137960,-19318.155768,-9873.071177,-9280.295255 
08/02/2008 00:00,733446.000000,130.000000,1,1,1,-13353.859732,-31464.526583,-19191.721539,-9882.809022,-9289.670724 
09/02/2008 00:00,733447.000000,131.000000,1,1,1,-9202.459150,-30177.822582,-19049.339304,-9892.386134,-9299.058437 
10/02/2008 00:00,733448.000000,132.000000,1,1,1,-6580.978736,-28846.561291,-18891.682046,-9901.785125,-9308.455086 
11/02/2008 00:00,733449.000000,133.000000,1,1,1,-4765.151387,-27532.318685,-18720.717921,-9910.990821,-9317.857141 
12/02/2008 00:00,733450.000000,134.000000,1,1,1,-3451.571096,-26235.138195,-18538.598923,-9919.990492,-9327.260901 
13/02/2008 00:00,733451.000000,135.000000,1,1,1,-2521.260129,-24900.696360,-18347.003133,-9928.773339,-9336.662529 
14/02/2008 00:00,733452.000000,136.000000,1,1,1,-2057.091805,-23420.928905,-18146.478734,-9937.329232,-9346.058062 
15/02/2008 00:00,733453.000000,137.000000,1,1,1,-1498.423112,-21842.760577,-17935.908054,-9945.646783,-9355.443399 
16/02/2008 00:00,733454.000000,138.000000,1,1,1,-1173.760816,-19771.063643,-17714.325925,-9953.713685,-9364.814283 
17/02/2008 00:00,733455.000000,139.000000,1,1,1,-1029.658387,-17372.004252,-17475.177077,-9961.510210,-9374.166177 
18/02/2008 00:00,733456.000000,140.000000,1,1,1,-960.305513,-15184.827868,-17214.689711,-9969.012292,-9383.494189 
19/02/2008 00:00,733457.000000,141.000000,1,1,1,-923.460440,-13396.095189,-16937.517803,-9976.201219,-9392.793166 
20/02/2008 00:00,733458.000000,142.000000,1,1,1,-902.417353,-11978.888544,-16650.988245,-9983.066694,-9402.057839 
21/02/2008 00:00,733459.000000,143.000000,1,1,1,-889.969649,-10856.208431,-16361.438674,-9989.605683,-9411.282961 
22/02/2008 00:00,733460.000000,144.000000,1,1,1,-882.746912,-9956.878741,-16073.439083,-9995.820363,-9420.463395 
23/02/2008 00:00,733461.000000,145.000000,1,1,1,-879.071296,-9226.165599,-15790.035642,-10001.716368,-9429.594178 
24/02/2008 00:00,733462.000000,146.000000,1,1,1,-878.000985,-8624.068732,-15513.162771,-10007.301503,-9438.670557 
25/02/2008 00:00,733463.000000,147.000000,1,1,1,-878.980440,-8121.540816,-15243.990546,-10012.584870,-9447.688011 
26/02/2008 00:00,733464.000000,148.000000,1,1,1,-881.657481,-7697.327921,-14983.175266,-10017.576273,-9456.642259 
27/02/2008 00:00,733465.000000,149.000000,1,1,1,-885.739446,-7335.650214,-14731.032011,-10022.285834,-9465.529265 
28/02/2008 00:00,733466.000000,150.000000,1,1,1,-732.006457,-7017.417920,-14487.635487,-10026.723734,-9474.345232 
29/02/2008 00:00,733467.000000,151.000000,1,1,1,-662.175712,-6748.992082,-14252.809985,-10030.899928,-9483.086601 
01/03/2008 00:00,733468.000000,152.000000,1,1,1,-635.078502,-6522.544722,-14026.590272,-10034.824277,-9491.750040 
02/03/2008 00:00,733469.000000,153.000000,1,1,1,-621.050740,-6329.636501,-13808.938549,-10038.506554,-9500.332442 
03/03/2008 00:00,733470.000000,154.000000,1,1,1,-609.537729,-6163.720853,-13599.720030,-10041.956360,-9508.830918 
04/03/2008 00:00,733471.000000,155.000000,1,1,1,-599.903293,-6019.841383,-13398.731804,-10045.183058,-9517.242793 
05/03/2008 00:00,733472.000000,156.000000,1,1,1,-592.423490,-5894.199428,-13205.727749,-10048.195724,-9525.565593 
06/03/2008 00:00,733473.000000,157.000000,1,1,1,-587.069102,-5783.826941,-13020.435968,-10051.003121,-9533.797042 
07/03/2008 00:00,733474.000000,158.000000,1,1,1,-583.001072,-5686.343566,-12842.570420,-10053.613686,-9541.935047 
08/03/2008 00:00,733475.000000,159.000000,1,1,1,-580.220201,-5599.835254,-12671.838420,-10056.035520,-9549.977696 
09/03/2008 00:00,733476.000000,160.000000,1,1,1,-579.154731,-5522.756295,-12507.946409,-10058.276392,-9557.923247 
10/03/2008 00:00,733477.000000,161.000000,1,1,1,-579.551610,-5453.831481,-12350.604198,-10060.343739,-9565.770118 
11/03/2008 00:00,733478.000000,162.000000,1,1,1,-579.971105,-5391.982146,-12199.527493,-10062.244676,-9573.516882 
12/03/2008 00:00,733479.000000,163.000000,1,1,1,-581.387884,-5336.318665,-12054.439353,-10063.986002,-9581.162258 
13/03/2008 00:00,733480.000000,164.000000,1,1,1,-587.753315,-5286.142497,-11915.072049,-10065.574213,-9588.705101 
14/03/2008 00:00,733481.000000,165.000000,1,1,1,-593.476413,-5240.786421,-11781.168745,-10067.015513,-9596.144399 
15/03/2008 00:00,733482.000000,166.000000,1,1,1,-598.954519,-5199.686894,-11652.482021,-10068.315824,-9603.479265 
16/03/2008 00:00,733483.000000,167.000000,1,1,1,-607.314764,-5162.419975,-11528.774693,-10069.480799,-9610.708929 
17/03/2008 00:00,733484.000000,168.000000,1,1,1,-615.842336,-5128.561939,-11409.820994,-10070.515833,-9617.832731 
18/03/2008 00:00,733485.000000,169.000000,1,1,1,-616.997368,-5097.641586,-11295.404493,-10071.426078,-9624.850118 
19/03/2008 00:00,733486.000000,170.000000,1,1,1,-627.794241,-5069.403027,-11185.316426,-10072.216448,-9631.760637 
20/03/2008 00:00,733487.000000,171.000000,1,1,1,-642.951725,-5043.591353,-11079.359340,-10072.891633,-9638.563927 
21/03/2008 00:00,733488.000000,172.000000,1,1,1,-655.528379,-5019.934556,-10977.345612,-10073.456108,-9645.259719 
22/03/2008 00:00,733489.000000,173.000000,1,1,1,-669.372638,-4998.225371,-10879.096128,-10073.914147,-9651.847826 
23/03/2008 00:00,733490.000000,174.000000,1,1,1,-685.043529,-4978.286593,-10784.440818,-10074.269829,-9658.328140 
24/03/2008 00:00,733491.000000,175.000000,1,1,1,-699.471002,-4959.941652,-10693.218304,-10074.527050,-9664.700628 
25/03/2008 00:00,733492.000000,176.000000,1,1,1,-714.366684,-4943.045568,-10605.275120,-10074.689530,-9670.965330 
26/03/2008 00:00,733493.000000,177.000000,1,1,1,-730.485869,-4927.475145,-10520.465668,-10074.760828,-9677.122348 
27/03/2008 00:00,733494.000000,178.000000,1,1,1,-722.770718,-4912.975454,-10438.651327,-10074.744340,-9683.171850 
28/03/2008 00:00,733495.000000,179.000000,1,1,1,-737.427397,-4899.584160,-10359.698274,-10074.643315,-9689.114062 
29/03/2008 00:00,733496.000000,180.000000,1,1,1,-767.146864,-4887.291288,-10283.482880,-10074.460858,-9694.949265 
30/03/2008 00:00,733497.000000,181.000000,1,1,1,-792.698349,-4875.983792,-10209.889383,-10074.199942,-9700.677792 
31/03/2008 00:00,733498.000000,182.000000,1,1,1,-822.455916,-4865.606658,-10138.807392,-10073.863414,-9706.300026 
01/04/2008 00:00,733499.000000,183.000000,1,1,1,-848.985619,-4856.068333,-10070.132391,-10073.454003,-9711.816395 
02/04/2008 00:00,733500.000000,184.000000,1,1,1,-872.376052,-4847.283067,-10003.764539,-10072.974326,-9717.227371 
03/04/2008 00:00,733501.000000,185.000000,1,1,1,-894.942206,-4839.188332,-9939.608517,-10072.426890,-9722.533467 
04/04/2008 00:00,733502.000000,186.000000,1,1,1,-921.590879,-4831.751248,-9877.573736,-10071.814102,-9727.735233 
05/04/2008 00:00,733503.000000,187.000000,1,1,1,-949.705256,-4824.931762,-9817.574490,-10071.138268,-9732.833255 
06/04/2008 00:00,733504.000000,188.000000,1,1,1,-975.692159,-4818.679264,-9759.529390,-10070.401607,-9737.828154 
07/04/2008 00:00,733505.000000,189.000000,1,1,1,-995.867387,-4812.933630,-9703.360795,-10069.606245,-9742.720580 
08/04/2008 00:00,733506.000000,190.000000,1,1,1,-1021.309233,-4807.685579,-9648.994565,-10068.754226,-9747.511213 
09/04/2008 00:00,733507.000000,191.000000,1,1,1,-1042.035950,-4802.886938,-9596.360565,-10067.847516,-9752.200762 
10/04/2008 00:00,733508.000000,192.000000,1,1,1,-1063.441549,-4798.514872,-9545.391769,-10066.888003,-9756.789957 
11/04/2008 00:00,733509.000000,193.000000,1,1,1,-1097.932429,-4794.595955,-9496.024710,-10065.877505,-9761.279557 
12/04/2008 00:00,733510.000000,194.000000,1,1,1,-1138.474752,-4791.126984,-9448.199964,-10064.817769,-9765.670340 
13/04/2008 00:00,733511.000000,195.000000,1,1,1,-1179.974894,-4788.087027,-9401.861272,-10063.710482,-9769.963103 
14/04/2008 00:00,733512.000000,196.000000,1,1,1,-1220.417121,-4785.451183,-9356.955004,-10062.557268,-9774.158665 
15/04/2008 00:00,733513.000000,197.000000,1,1,1,-1260.093398,-4783.197912,-9313.429919,-10061.359693,-9778.257861 
16/04/2008 00:00,733514.000000,198.000000,1,1,1,-1300.033949,-4781.311277,-9271.237085,-10060.119270,-9782.261541 
17/04/2008 00:00,733515.000000,199.000000,1,1,1,-1340.709341,-4779.778439,-9230.329833,-10058.837458,-9786.170572 
18/04/2008 00:00,733516.000000,200.000000,1,1,1,-1381.782260,-4778.586691,-9190.663660,-10057.515665,-9789.985832 
19/04/2008 00:00,733517.000000,201.000000,1,1,1,-1423.351668,-4777.724865,-9152.196096,-10056.155253,-9793.708214 
20/04/2008 00:00,733518.000000,202.000000,1,1,1,-1465.477106,-4777.183045,-9114.886604,-10054.757536,-9797.338621 
21/04/2008 00:00,733519.000000,203.000000,1,1,1,-1508.194772,-4776.952371,-9078.696485,-10053.323786,-9800.877966 
22/04/2008 00:00,733520.000000,204.000000,1,1,1,-1551.525556,-4777.024898,-9043.588777,-10051.855233,-9804.327172 
23/04/2008 00:00,733521.000000,205.000000,1,1,1,-1595.472455,-4777.393450,-9009.528174,-10050.353068,-9807.687170 
24/04/2008 00:00,733522.000000,206.000000,1,1,1,-1639.702654,-4778.050490,-8976.480928,-10048.818441,-9810.958898 
25/04/2008 00:00,733523.000000,207.000000,1,1,1,-1684.607802,-4778.990323,-8944.414760,-10047.252468,-9814.143301 
26/04/2008 00:00,733524.000000,208.000000,1,1,1,-1730.056448,-4780.207376,-8913.298800,-10045.656231,-9817.241330 
27/04/2008 00:00,733525.000000,209.000000,1,1,1,-1776.096623,-4781.696703,-8883.103508,-10044.030776,-9820.253941 
28/04/2008 00:00,733526.000000,210.000000,1,1,1,-1822.845153,-4783.454084,-8853.800610,-10042.377119,-9823.182093 
29/04/2008 00:00,733527.000000,211.000000,1,1,1,-1869.985468,-4785.474690,-8825.363031,-10040.696245,-9826.026750 
30/04/2008 00:00,733528.000000,212.000000,1,1,1,-1917.462766,-4787.753844,-8797.764817,-10038.989109,-9828.788878 
01/05/2008 00:00,733529.000000,213.000000,1,1,1,-1965.214665,-4790.287748,-8770.981090,-10037.256639,-9831.469446 
02/05/2008 00:00,733530.000000,214.000000,1,1,1,-2014.010454,-4793.078533,-8744.988057,-10035.499735,-9834.069424 
03/05/2008 00:00,733531.000000,215.000000,1,1,1,-2061.940435,-4796.114247,-8719.762833,-10033.719273,-9836.589782 
04/05/2008 00:00,733532.000000,216.000000,1,1,1,-2110.271269,-4799.390959,-8695.283368,-10031.916101,-9839.031494 
05/05/2008 00:00,733533.000000,217.000000,1,1,1,-2158.510651,-4802.903261,-8671.528458,-10030.091046,-9841.395531 
06/05/2008 00:00,733534.000000,218.000000,1,1,1,-2205.943489,-4806.643385,-8648.477670,-10028.244911,-9843.682864 
07/05/2008 00:00,733535.000000,219.000000,1,1,1,-2251.810361,-4810.600747,-8626.111248,-10026.378476,-9845.894464 
08/05/2008 00:00,733536.000000,220.000000,1,1,1,-2297.448751,-4814.767721,-8604.396766,-10024.492494,-9848.031283 
09/05/2008 00:00,733537.000000,221.000000,1,1,1,-2342.511893,-4819.131069,-8583.329812,-10022.587691,-9850.094304 
10/05/2008 00:00,733538.000000,222.000000,1,1,1,-2383.778587,-4823.658465,-8562.891879,-10020.664787,-9852.084492 
11/05/2008 00:00,733539.000000,223.000000,1,1,1,-2376.856168,-4827.954686,-8543.072358,-10018.724482,-9854.002829 
12/05/2008 00:00,733540.000000,224.000000,1,1,1,-2342.617511,-4831.815803,-8523.831661,-10016.767453,-9855.850255 
13/05/2008 00:00,733541.000000,225.000000,1,1,1,29.474419,-467.684252,-8062.422827,-10014.346642,-9857.620906 
14/05/2008 00:00,733542.000000,226.000000,1,1,1,37.057520,-113.564405,-3716.669368,-9920.025256,-9857.615992 
15/05/2008 00:00,733543.000000,227.000000,1,1,1,-333.560621,-271.528218,-1162.918786,-9675.179238,-9853.147267 
16/05/2008 00:00,733544.000000,228.000000,1,1,1,-517.463043,-408.407609,-1004.825557,-9111.906030,-9841.055862 
17/05/2008 00:00,733545.000000,229.000000,1,1,1,-655.963825,-516.474214,-1102.466120,-8636.895881,-8943.742788 
18/05/2008 00:00,733546.000000,230.000000,1,1,1,-791.618634,-612.273466,-1208.460188,-8406.525843,-8938.745468 
19/05/2008 00:00,733547.000000,231.000000,1,1,1,-928.280974,-704.632689,-1318.484298,-8216.842682,-8931.465108 
20/05/2008 00:00,733548.000000,232.000000,1,1,1,-1075.596116,-792.577683,-1412.777582,-8071.784792,-8923.218589 
21/05/2008 00:00,733549.000000,233.000000,1,1,1,-1226.921717,-880.799920,-1512.321978,-7944.471094,-8912.346066 
22/05/2008 00:00,733550.000000,234.000000,1,1,1,-1358.973318,-962.298582,-1597.979893,-7844.350909,-8901.239636 
23/05/2008 00:00,733551.000000,235.000000,1,1,1,-1508.832650,-1043.544708,-1687.555228,-7754.247102,-8887.428827 
24/05/2008 00:00,733552.000000,236.000000,1,1,1,-1678.275872,-1122.780839,-1765.037067,-7681.248503,-8873.920460 
25/05/2008 00:00,733553.000000,237.000000,1,1,1,-1802.988213,-1200.010375,-1845.386403,-7614.202287,-8857.850427 
26/05/2008 00:00,733554.000000,238.000000,1,1,1,252.733646,-1148.223628,-1907.890954,-7558.378721,-8842.391163 
27/05/2008 00:00,733555.000000,239.000000,1,1,1,264.102873,-17.483768,-1875.864938,-7506.552464,-8825.113489 
28/05/2008 00:00,733556.000000,240.000000,1,1,1,122.942926,140.418384,-151.290836,-7439.662343,-8808.170510 
29/05/2008 00:00,733557.000000,241.000000,1,1,1,-412.677579,-457.505917,-771.324405,-4302.148898,-8756.423216 
30/05/2008 00:00,733558.000000,242.000000,1,1,1,-643.027777,-551.238291,-923.173196,-4161.820002,-8623.889873 
31/05/2008 00:00,733559.000000,243.000000,1,1,1,-830.702917,-649.243867,-1019.562086,-4076.579974,-8482.745223 
01/06/2008 00:00,733560.000000,244.000000,1,1,1,-1000.214383,-744.215096,-1105.126124,-4013.423791,-8337.206448 
02/06/2008 00:00,733561.000000,245.000000,1,1,1,-1162.559428,-835.442490,-1184.347061,-3964.186801,-8189.269150 
03/06/2008 00:00,733562.000000,246.000000,1,1,1,61.430982,-778.225094,-1241.691452,-3924.407455,-8040.464536 
04/06/2008 00:00,733563.000000,247.000000,1,1,1,69.731953,-25.055612,-1176.935866,-3889.009137,-7892.260411 
05/06/2008 00:00,733564.000000,248.000000,1,1,1,554.667172,583.965313,327.035017,-3827.964966,-7745.316212 
06/06/2008 00:00,733565.000000,249.000000,1,1,1,97.443557,-330.867686,-694.664127,-1577.514402,-7523.469113 
07/06/2008 00:00,733566.000000,250.000000,1,1,1,47.797710,52.578352,-518.885944,-1566.273485,-6141.691438 
08/06/2008 00:00,733567.000000,251.000000,1,1,1,-267.469389,-122.048654,-22.686210,-1520.793772,-5218.020222 
09/06/2008 00:00,733568.000000,252.000000,1,1,1,-629.298428,-794.632329,-831.522714,-1208.815661,-4476.939594 
10/06/2008 00:00,733569.000000,253.000000,1,1,1,-863.941333,-815.450927,-865.624888,-1213.544332,-3662.255702 
11/06/2008 00:00,733570.000000,254.000000,1,1,1,-1080.549767,-863.209146,-897.991013,-1216.995909,-3122.550142 
12/06/2008 00:00,733571.000000,255.000000,1,1,1,-1280.968687,-922.672848,-931.718119,-1219.786982,-2732.689146 
13/06/2008 00:00,733572.000000,256.000000,1,1,1,-1469.917134,-987.499233,-966.936676,-1222.276384,-2434.242123 
14/06/2008 00:00,733573.000000,257.000000,1,1,1,-1660.637878,-1055.643896,-1003.220591,-1224.662092,-2196.184261 
15/06/2008 00:00,733574.000000,258.000000,1,1,1,-1860.325693,-1126.316813,-1040.197931,-1227.049657,-2000.566721 
16/06/2008 00:00,733575.000000,259.000000,1,1,1,-2066.890805,-1198.332723,-1077.506313,-1229.490473,-1836.409329 
17/06/2008 00:00,733576.000000,260.000000,1,1,1,-2277.529940,-1271.050265,-1114.775962,-1231.994517,-1696.652339 
18/06/2008 00:00,733577.000000,261.000000,1,1,1,-2514.252878,-1345.326422,-1151.809072,-1234.544896,-1576.591652 
19/06/2008 00:00,733578.000000,262.000000,1,1,1,-2763.621480,-1420.458397,-1188.397065,-1237.107478,-1473.021507 
20/06/2008 00:00,733579.000000,263.000000,1,1,1,-2161.866251,-1453.540319,-1221.465350,-1239.611804,-1383.682103 
21/06/2008 00:00,733580.000000,264.000000,1,1,1,-1879.071818,-1471.076092,-1250.512876,-1241.974447,-1306.893973 
22/06/2008 00:00,733581.000000,265.000000,1,1,1,-2228.497594,-1506.534196,-1277.355755,-1244.132386,-1241.319328 
23/06/2008 00:00,733582.000000,266.000000,1,1,1,-2586.480218,-1554.461862,-1303.132787,-1246.046113,-1185.814258 
24/06/2008 00:00,733583.000000,267.000000,1,1,1,-2944.306208,-1611.782812,-1328.491389,-1247.696408,-1139.327899 
25/06/2008 00:00,733584.000000,268.000000,1,1,1,-3315.788645,-1676.669138,-1353.781489,-1249.083168,-1100.847612 
26/06/2008 00:00,733585.000000,269.000000,1,1,1,-3702.632414,-1747.454003,-1379.136988,-1250.223376,-1069.381456 
27/06/2008 00:00,733586.000000,270.000000,1,1,1,-4099.200690,-1822.546940,-1404.545791,-1251.147257,-1043.962569 
28/06/2008 00:00,733587.000000,271.000000,1,1,1,-4512.679969,-1900.475257,-1429.875823,-1251.893804,-1023.671975 
29/06/2008 00:00,733588.000000,272.000000,1,1,1,-4920.002685,-1979.335131,-1454.912068,-1252.505170,-1007.658641 
30/06/2008 00:00,733589.000000,273.000000,1,1,1,-5326.196294,-2058.888210,-1479.547179,-1253.022943,-995.152445 
01/07/2008 00:00,733590.000000,274.000000,1,1,1,-5723.112309,-2138.817591,-1503.726239,-1253.486185,-985.478869 
02/07/2008 00:00,733591.000000,275.000000,1,1,1,-49.014567,-2057.187412,-1520.217340,-1253.881220,-978.057303 
03/07/2008 00:00,733592.000000,276.000000,1,1,1,-92.626093,-579.075283,-1469.970394,-1253.794665,-972.307895 
04/07/2008 00:00,733593.000000,277.000000,1,1,1,-562.666680,-526.467196,-1230.802577,-1251.931653,-967.445450 
05/07/2008 00:00,733594.000000,278.000000,1,1,1,-796.546450,-633.341456,-1068.454202,-1248.243676,-962.830943 
06/07/2008 00:00,733595.000000,279.000000,1,1,1,-1005.614494,-734.604389,-1009.535118,-1243.234178,-958.085260 
07/07/2008 00:00,733596.000000,280.000000,1,1,1,-1177.491885,-826.385692,-996.629544,-1237.726038,-953.116244 
08/07/2008 00:00,733597.000000,281.000000,1,1,1,-1364.078248,-914.555086,-1006.483413,-1232.285264,-947.992592 
09/07/2008 00:00,733598.000000,282.000000,1,1,1,-1559.593584,-1000.324827,-1028.727042,-1227.212316,-942.842447 
10/07/2008 00:00,733599.000000,283.000000,1,1,1,-1763.220925,-1084.563831,-1057.819155,-1222.630979,-937.795225 
11/07/2008 00:00,733600.000000,284.000000,1,1,1,-1978.137258,-1167.824449,-1090.695058,-1218.571958,-932.958284 
12/07/2008 00:00,733601.000000,285.000000,1,1,1,-2235.958736,-1251.582693,-1125.639781,-1215.031346,-928.415601 
13/07/2008 00:00,733602.000000,286.000000,1,1,1,-2483.164309,-1333.649281,-1161.259332,-1211.977530,-924.224501 
14/07/2008 00:00,733603.000000,287.000000,1,1,1,-2712.278648,-1413.759832,-1196.649656,-1209.360997,-920.414110 
15/07/2008 00:00,733604.000000,288.000000,1,1,1,-2947.448777,-1492.670637,-1231.357517,-1207.134126,-916.992464 
16/07/2008 00:00,733605.000000,289.000000,1,1,1,-3250.271066,-1573.279787,-1265.280384,-1205.258629,-913.955227 
17/07/2008 00:00,733606.000000,290.000000,1,1,1,-3572.493994,-1654.813276,-1298.273946,-1203.702466,-911.290785 
18/07/2008 00:00,733607.000000,291.000000,1,1,1,-3894.534494,-1736.150043,-1330.163917,-1202.436868,-908.982701 
19/07/2008 00:00,733608.000000,292.000000,1,1,1,-4237.081805,-1817.706962,-1360.884506,-1201.435866,-907.011249 
20/07/2008 00:00,733609.000000,293.000000,1,1,1,-4599.636512,-1899.646992,-1390.423418,-1200.676795,-905.355072 
21/07/2008 00:00,733610.000000,294.000000,1,1,1,-4992.784992,-1982.163857,-1418.785833,-1200.140237,-903.992692 
22/07/2008 00:00,733611.000000,295.000000,1,1,1,-5393.127956,-2064.728726,-1445.974550,-1199.809032,-902.903191 
23/07/2008 00:00,733612.000000,296.000000,1,1,1,-3821.558235,-2086.843503,-1469.020295,-1199.645204,-902.060585 
24/07/2008 00:00,733613.000000,297.000000,1,1,1,124.193636,-1993.228446,-1483.383452,-1199.578735,-901.426418 
25/07/2008 00:00,733614.000000,298.000000,1,1,1,79.412475,-114.574512,-1407.009951,-1198.924312,-900.785019 
26/07/2008 00:00,733615.000000,299.000000,1,1,1,-488.443824,-330.892026,-565.165455,-1191.621175,-898.319651 
27/07/2008 00:00,733616.000000,300.000000,1,1,1,-695.452822,-491.199638,-574.553723,-1167.278232,-889.840932 
28/07/2008 00:00,733617.000000,301.000000,1,1,1,-875.661274,-617.243090,-647.151797,-1146.618603,-877.855591 
29/07/2008 00:00,733618.000000,302.000000,1,1,1,-1051.691240,-724.065735,-719.563796,-1131.826296,-864.874435 
30/07/2008 00:00,733619.000000,303.000000,1,1,1,-1222.918320,-819.617277,-785.987394,-1120.894606,-852.267146 
31/07/2008 00:00,733620.000000,304.000000,1,1,1,-1388.635051,-907.666762,-846.622749,-1112.488518,-840.690314 
01/08/2008 00:00,733621.000000,305.000000,1,1,1,-1568.105697,-992.082342,-902.474488,-1105.827748,-830.404130 
02/08/2008 00:00,733622.000000,306.000000,1,1,1,-1745.938044,-1073.226198,-954.227384,-1100.439198,-821.454043 
03/08/2008 00:00,733623.000000,307.000000,1,1,1,-1697.235751,-1132.392920,-1000.303989,-1096.000097,-813.770119 
04/08/2008 00:00,733624.000000,308.000000,1,1,1,-508.845719,-1092.811134,-1032.190034,-1092.175582,-807.192939 
05/08/2008 00:00,733625.000000,309.000000,1,1,1,-215.663406,-933.296515,-1040.586145,-1088.572418,-801.480454 
06/08/2008 00:00,733626.000000,310.000000,1,1,1,423.029040,-472.562056,-990.982174,-1084.439249,-796.220673 
07/08/2008 00:00,733627.000000,311.000000,1,1,1,349.374973,325.627661,-691.109175,-1076.532000,-790.102890 
08/08/2008 00:00,733628.000000,312.000000,1,1,1,-543.450253,-348.316832,-188.944059,-1054.403645,-778.912142 
09/08/2008 00:00,733629.000000,313.000000,1,1,1,-719.956884,-607.253859,-565.136299,-974.633688,-745.865329 
10/08/2008 00:00,733630.000000,314.000000,1,1,1,-908.572429,-690.083557,-652.059262,-961.079541,-717.486839 
11/08/2008 00:00,733631.000000,315.000000,1,1,1,-947.622657,-752.736109,-717.210191,-951.620148,-694.713669 
12/08/2008 00:00,733632.000000,316.000000,1,1,1,-1011.793330,-807.896668,-770.075169,-944.267154,-676.814084 
13/08/2008 00:00,733633.000000,317.000000,1,1,1,-1201.107778,-873.604709,-817.044813,-938.262608,-662.855841 
14/08/2008 00:00,733634.000000,318.000000,1,1,1,59.212251,-796.561301,-842.351335,-932.994833,-651.877515 
15/08/2008 00:00,733635.000000,319.000000,1,1,1,635.619396,491.592013,-700.126170,-925.804941,-642.185679 
16/08/2008 00:00,733636.000000,320.000000,1,1,1,818.623131,925.306802,980.049464,-887.261276,-621.602228 
17/08/2008 00:00,733637.000000,321.000000,1,1,1,41.088996,-140.779512,-221.133093,-529.595164,-476.141972 
18/08/2008 00:00,733638.000000,322.000000,1,1,1,-442.743264,-287.852871,-282.079719,-502.931817,-341.158396 
19/08/2008 00:00,733639.000000,323.000000,1,1,1,-631.440902,-450.476251,-388.012474,-487.695980,-250.584663 
20/08/2008 00:00,733640.000000,324.000000,1,1,1,-776.596552,-557.022439,-471.145724,-478.714052,-202.166808 
21/08/2008 00:00,733641.000000,325.000000,1,1,1,-907.196728,-642.109476,-534.681245,-471.983511,-180.382207 
22/08/2008 00:00,733642.000000,326.000000,1,1,1,-1038.902633,-716.930895,-584.649439,-466.835888,-170.361616 
23/08/2008 00:00,733643.000000,327.000000,1,1,1,-1163.713985,-784.114913,-624.401813,-462.998172,-164.898351 
24/08/2008 00:00,733644.000000,328.000000,1,1,1,-1275.753017,-844.369958,-656.050553,-460.189125,-161.427567 
25/08/2008 00:00,733645.000000,329.000000,1,1,1,-1388.760462,-899.607085,-681.402563,-458.171535,-159.059663 
26/08/2008 00:00,733646.000000,330.000000,1,1,1,-1504.985701,-951.071009,-701.967781,-456.768229,-157.429822 
27/08/2008 00:00,733647.000000,331.000000,1,1,1,-1623.534937,-999.115646,-718.900667,-455.850881,-156.348553 
28/08/2008 00:00,733648.000000,332.000000,1,1,1,-1744.028327,-1043.905345,-733.042256,-455.324446,-155.696393 
29/08/2008 00:00,733649.000000,333.000000,1,1,1,-1850.028614,-1084.888172,-744.963149,-455.114929,-155.387516 
30/08/2008 00:00,733650.000000,334.000000,1,1,1,-1938.905889,-1121.869943,-755.102960,-455.164289,-155.356777 
31/08/2008 00:00,733651.000000,335.000000,1,1,1,-1214.050467,-1103.685333,-759.350211,-455.314733,-155.466621 
01/09/2008 00:00,733652.000000,336.000000,1,1,1,-394.983831,-1028.843668,-755.439890,-455.360653,-155.526618 
02/09/2008 00:00,733653.000000,337.000000,1,1,1,-355.665985,-866.005262,-738.540094,-454.982751,-155.246566 
03/09/2008 00:00,733654.000000,338.000000,1,1,1,-428.288743,-754.801654,-715.418676,-454.033340,-154.446847 
04/09/2008 00:00,733655.000000,339.000000,1,1,1,56.593535,-610.913999,-682.374066,-452.260014,-152.890279 
05/09/2008 00:00,733656.000000,340.000000,1,1,1,-292.397727,-257.902513,-607.792730,-448.559551,-149.662703 
06/09/2008 00:00,733657.000000,341.000000,1,1,1,-518.531772,-380.523258,-499.411577,-441.724056,-143.600505 
07/09/2008 00:00,733658.000000,342.000000,1,1,1,-589.606692,-465.717702,-495.086496,-434.035077,-136.200716 
08/09/2008 00:00,733659.000000,343.000000,1,1,1,-275.868914,-459.378912,-501.777241,-426.719061,-128.786301 
09/09/2008 00:00,733660.000000,344.000000,1,1,1,-88.457097,-375.969786,-488.966785,-419.236081,-121.235283 
10/09/2008 00:00,733661.000000,345.000000,1,1,1,-335.711535,-333.084129,-458.536900,-410.795505,-112.873954 
