Date12[DDMMYYYYhhmm],JulianDayFromYear0[days],TimeFromStart[days],Simulation_Period,Run,IDpoint,75 ,300 ,600 ,900 ,1200  
01/10/2002 00:00,731490.000000,0.000000,1,1,2,0.254893,0.254893,0.254893,0.254893,0.254893 
01/10/2002 00:00,731490.000000,0.000000,1,1,2,0.254893,0.254893,0.254893,0.254893,0.254893 
01/10/2002 00:00,731490.000000,0.000000,1,1,2,0.254893,0.254893,0.254893,0.254893,0.254893 
01/10/2002 00:00,731490.000000,0.000000,1,1,2,0.254893,0.254893,0.254893,0.254893,0.254893 
02/10/2002 00:00,731491.000000,1.000000,1,1,2,0.331989,0.255307,0.254897,0.254895,0.254936 
02/10/2002 00:00,731491.000000,1.000000,1,1,2,0.332027,0.255306,0.254896,0.254893,0.254934 
02/10/2002 00:00,731491.000000,1.000000,1,1,2,0.331994,0.255308,0.254899,0.254897,0.254940 
02/10/2002 00:00,731491.000000,1.000000,1,1,2,0.332026,0.255307,0.254897,0.254895,0.254937 
03/10/2002 00:00,731492.000000,2.000000,1,1,2,0.600000,0.259747,0.254934,0.254897,0.254980 
03/10/2002 00:00,731492.000000,2.000000,1,1,2,0.600000,0.259745,0.254932,0.254894,0.254976 
03/10/2002 00:00,731492.000000,2.000000,1,1,2,0.600000,0.259748,0.254937,0.254902,0.254987 
03/10/2002 00:00,731492.000000,2.000000,1,1,2,0.600000,0.259746,0.254935,0.254898,0.254981 
04/10/2002 00:00,731493.000000,3.000000,1,1,2,0.489114,0.558962,0.255472,0.254904,0.255023 
04/10/2002 00:00,731493.000000,3.000000,1,1,2,0.497898,0.569812,0.255472,0.254900,0.255016 
04/10/2002 00:00,731493.000000,3.000000,1,1,2,0.493697,0.564723,0.255479,0.254911,0.255033 
04/10/2002 00:00,731493.000000,3.000000,1,1,2,0.479159,0.545926,0.255469,0.254906,0.255025 
05/10/2002 00:00,731494.000000,4.000000,1,1,2,0.399188,0.433509,0.426636,0.255343,0.255069 
05/10/2002 00:00,731494.000000,4.000000,1,1,2,0.397499,0.432703,0.441173,0.255346,0.255061 
05/10/2002 00:00,731494.000000,4.000000,1,1,2,0.400455,0.436363,0.436690,0.255359,0.255082 
05/10/2002 00:00,731494.000000,4.000000,1,1,2,0.399296,0.431492,0.408317,0.255332,0.255072 
06/10/2002 00:00,731495.000000,5.000000,1,1,2,0.389458,0.418911,0.405970,0.293677,0.255334 
06/10/2002 00:00,731495.000000,5.000000,1,1,2,0.387983,0.416918,0.411122,0.303430,0.255358 
06/10/2002 00:00,731495.000000,5.000000,1,1,2,0.390464,0.420385,0.411104,0.300449,0.255375 
06/10/2002 00:00,731495.000000,5.000000,1,1,2,0.389457,0.418249,0.396270,0.282946,0.255291 
07/10/2002 00:00,731496.000000,6.000000,1,1,2,0.393559,0.412113,0.399948,0.310360,0.256320 
07/10/2002 00:00,731496.000000,6.000000,1,1,2,0.392483,0.410560,0.403847,0.319837,0.256808 
07/10/2002 00:00,731496.000000,6.000000,1,1,2,0.394436,0.413547,0.404502,0.317629,0.256677 
07/10/2002 00:00,731496.000000,6.000000,1,1,2,0.393465,0.411331,0.391735,0.298142,0.255904 
08/10/2002 00:00,731497.000000,7.000000,1,1,2,0.393981,0.407664,0.396797,0.321519,0.258123 
08/10/2002 00:00,731497.000000,7.000000,1,1,2,0.393210,0.406431,0.399925,0.330192,0.259334 
08/10/2002 00:00,731497.000000,7.000000,1,1,2,0.394767,0.409089,0.401003,0.328718,0.259028 
08/10/2002 00:00,731497.000000,7.000000,1,1,2,0.393825,0.406753,0.389325,0.308926,0.257009 
09/10/2002 00:00,731498.000000,8.000000,1,1,2,0.383238,0.402566,0.394583,0.329691,0.260723 
09/10/2002 00:00,731498.000000,8.000000,1,1,2,0.382627,0.401605,0.397127,0.337405,0.262764 
09/10/2002 00:00,731498.000000,8.000000,1,1,2,0.384021,0.403958,0.398491,0.336568,0.262320 
09/10/2002 00:00,731498.000000,8.000000,1,1,2,0.382988,0.401562,0.387642,0.317188,0.258645 
10/10/2002 00:00,731499.000000,9.000000,1,1,2,0.375189,0.397297,0.392522,0.335844,0.264010 
10/10/2002 00:00,731499.000000,9.000000,1,1,2,0.374683,0.396544,0.394611,0.342612,0.266854 
10/10/2002 00:00,731499.000000,9.000000,1,1,2,0.375993,0.398654,0.396153,0.342296,0.266342 
10/10/2002 00:00,731499.000000,9.000000,1,1,2,0.374849,0.396224,0.386020,0.323679,0.260799 
11/10/2002 00:00,731500.000000,10.000000,1,1,2,0.371689,0.392735,0.390476,0.340514,0.267823 
11/10/2002 00:00,731500.000000,10.000000,1,1,2,0.371267,0.392130,0.392204,0.346432,0.271364 
11/10/2002 00:00,731500.000000,10.000000,1,1,2,0.372511,0.394067,0.393856,0.346525,0.270857 
11/10/2002 00:00,731500.000000,10.000000,1,1,2,0.371262,0.391601,0.384357,0.328798,0.263410 
12/10/2002 00:00,731501.000000,11.000000,1,1,2,0.364993,0.388206,0.388350,0.344046,0.271986 
12/10/2002 00:00,731501.000000,11.000000,1,1,2,0.364648,0.387719,0.389791,0.349246,0.276088 
12/10/2002 00:00,731501.000000,11.000000,1,1,2,0.365835,0.389509,0.391505,0.349650,0.275642 
12/10/2002 00:00,731501.000000,11.000000,1,1,2,0.364511,0.387033,0.382574,0.332805,0.266385 
13/10/2002 00:00,731502.000000,12.000000,1,1,2,0.360134,0.384016,0.386153,0.346700,0.276338 
13/10/2002 00:00,731502.000000,12.000000,1,1,2,0.359847,0.383618,0.387366,0.351308,0.280864 
13/10/2002 00:00,731502.000000,12.000000,1,1,2,0.360994,0.385294,0.389109,0.351948,0.280519 
13/10/2002 00:00,731502.000000,12.000000,1,1,2,0.359596,0.382812,0.380682,0.335907,0.269617 
14/10/2002 00:00,731503.000000,13.000000,1,1,2,0.356007,0.380181,0.383948,0.348689,0.280746 
14/10/2002 00:00,731503.000000,13.000000,1,1,2,0.355773,0.379852,0.384979,0.352815,0.285581 
14/10/2002 00:00,731503.000000,13.000000,1,1,2,0.356885,0.381436,0.386731,0.353635,0.285359 
14/10/2002 00:00,731503.000000,13.000000,1,1,2,0.355419,0.378952,0.378749,0.338293,0.272998 
15/10/2002 00:00,731504.000000,14.000000,1,1,2,0.352127,0.376643,0.381768,0.350177,0.285118 
15/10/2002 00:00,731504.000000,14.000000,1,1,2,0.351939,0.376371,0.382653,0.353910,0.290167 
15/10/2002 00:00,731504.000000,14.000000,1,1,2,0.353019,0.377879,0.384402,0.354868,0.290076 
15/10/2002 00:00,731504.000000,14.000000,1,1,2,0.351496,0.375392,0.376810,0.340121,0.276443 
16/10/2002 00:00,731505.000000,15.000000,1,1,2,0.348802,0.373399,0.379639,0.351288,0.289390 
16/10/2002 00:00,731505.000000,15.000000,1,1,2,0.348654,0.373172,0.380406,0.354696,0.294581 
16/10/2002 00:00,731505.000000,15.000000,1,1,2,0.349707,0.374618,0.382144,0.355763,0.294623 
16/10/2002 00:00,731505.000000,15.000000,1,1,2,0.348132,0.372129,0.374891,0.341518,0.279882 
17/10/2002 00:00,731506.000000,16.000000,1,1,2,0.345929,0.370424,0.377580,0.352114,0.293526 
17/10/2002 00:00,731506.000000,16.000000,1,1,2,0.345818,0.370235,0.378251,0.355252,0.298802 
17/10/2002 00:00,731506.000000,16.000000,1,1,2,0.346845,0.371629,0.379974,0.356405,0.298973 
17/10/2002 00:00,731506.000000,16.000000,1,1,2,0.345224,0.369136,0.373017,0.342583,0.283267 
18/10/2002 00:00,731507.000000,17.000000,1,1,2,0.343589,0.367703,0.375606,0.352728,0.297507 
18/10/2002 00:00,731507.000000,17.000000,1,1,2,0.343523,0.367547,0.376199,0.355634,0.302826 
18/10/2002 00:00,731507.000000,17.000000,1,1,2,0.344515,0.368896,0.377904,0.356857,0.303117 
18/10/2002 00:00,731507.000000,17.000000,1,1,2,0.342858,0.366397,0.371204,0.343395,0.286568 
19/10/2002 00:00,731508.000000,18.000000,1,1,2,0.341011,0.365153,0.373715,0.353179,0.301326 
19/10/2002 00:00,731508.000000,18.000000,1,1,2,0.340976,0.365025,0.374244,0.355885,0.306656 
19/10/2002 00:00,731508.000000,18.000000,1,1,2,0.341945,0.366335,0.375929,0.357166,0.307059 
19/10/2002 00:00,731508.000000,18.000000,1,1,2,0.340252,0.363832,0.369453,0.344012,0.289767 
20/10/2002 00:00,731509.000000,19.000000,1,1,2,0.338559,0.362755,0.371902,0.353501,0.304983 
20/10/2002 00:00,731509.000000,19.000000,1,1,2,0.338553,0.362652,0.372378,0.356032,0.310299 
20/10/2002 00:00,731509.000000,19.000000,1,1,2,0.339499,0.363927,0.374044,0.357361,0.310805 
20/10/2002 00:00,731509.000000,19.000000,1,1,2,0.337774,0.361419,0.367762,0.344475,0.292854 
21/10/2002 00:00,731510.000000,20.000000,1,1,2,0.336249,0.360496,0.370164,0.353720,0.308482 
21/10/2002 00:00,731510.000000,20.000000,1,1,2,0.336269,0.360415,0.370595,0.356094,0.313764 
21/10/2002 00:00,731510.000000,20.000000,1,1,2,0.337196,0.361659,0.372241,0.357464,0.314362 
21/10/2002 00:00,731510.000000,20.000000,1,1,2,0.335440,0.359147,0.366129,0.344815,0.295825 
22/10/2002 00:00,731511.000000,21.000000,1,1,2,0.334504,0.358419,0.368497,0.353851,0.311826 
22/10/2002 00:00,731511.000000,21.000000,1,1,2,0.334543,0.358357,0.368892,0.356085,0.317057 
22/10/2002 00:00,731511.000000,21.000000,1,1,2,0.335456,0.359574,0.370517,0.357489,0.317741 
22/10/2002 00:00,731511.000000,21.000000,1,1,2,0.333671,0.357057,0.364553,0.345050,0.298676 
23/10/2002 00:00,731512.000000,22.000000,1,1,2,0.334500,0.356677,0.366906,0.353897,0.315015 
23/10/2002 00:00,731512.000000,22.000000,1,1,2,0.334534,0.356628,0.367270,0.356004,0.320182 
23/10/2002 00:00,731512.000000,22.000000,1,1,2,0.335453,0.357826,0.368876,0.357436,0.320942 
23/10/2002 00:00,731512.000000,22.000000,1,1,2,0.333628,0.355298,0.363038,0.345185,0.301402 
24/10/2002 00:00,731513.000000,23.000000,1,1,2,0.334753,0.355209,0.365407,0.353869,0.318046 
24/10/2002 00:00,731513.000000,23.000000,1,1,2,0.334775,0.355169,0.365746,0.355862,0.323140 
24/10/2002 00:00,731513.000000,23.000000,1,1,2,0.335704,0.356353,0.367333,0.357317,0.323967 
24/10/2002 00:00,731513.000000,23.000000,1,1,2,0.333842,0.353812,0.361603,0.345235,0.303999 
25/10/2002 00:00,731514.000000,24.000000,1,1,2,0.347331,0.354710,0.364063,0.353792,0.320923 
25/10/2002 00:00,731514.000000,24.000000,1,1,2,0.346251,0.354609,0.364376,0.355682,0.325934 
25/10/2002 00:00,731514.000000,24.000000,1,1,2,0.348110,0.355854,0.365952,0.357156,0.326823 
25/10/2002 00:00,731514.000000,24.000000,1,1,2,0.345210,0.353208,0.360305,0.345225,0.306466 
26/10/2002 00:00,731515.000000,25.000000,1,1,2,0.382039,0.356054,0.362973,0.353698,0.323653 
26/10/2002 00:00,731515.000000,25.000000,1,1,2,0.380965,0.355890,0.363258,0.355492,0.328576 
26/10/2002 00:00,731515.000000,25.000000,1,1,2,0.382719,0.357226,0.364836,0.356985,0.329520 
26/10/2002 00:00,731515.000000,25.000000,1,1,2,0.380024,0.354415,0.359238,0.345186,0.308809 
27/10/2002 00:00,731516.000000,26.000000,1,1,2,0.561980,0.363500,0.362451,0.353629,0.326251 
27/10/2002 00:00,731516.000000,26.000000,1,1,2,0.560376,0.363184,0.362702,0.355335,0.331078 
27/10/2002 00:00,731516.000000,26.000000,1,1,2,0.562323,0.364788,0.364308,0.356847,0.332072 
27/10/2002 00:00,731516.000000,26.000000,1,1,2,0.559771,0.361536,0.358694,0.345158,0.311039 
28/10/2002 00:00,731517.000000,27.000000,1,1,2,0.534756,0.486835,0.365932,0.353809,0.328736 
28/10/2002 00:00,731517.000000,27.000000,1,1,2,0.534913,0.484193,0.366109,0.355434,0.333465 
28/10/2002 00:00,731517.000000,27.000000,1,1,2,0.535823,0.488456,0.367907,0.356983,0.334507 
28/10/2002 00:00,731517.000000,27.000000,1,1,2,0.535642,0.482730,0.361902,0.345330,0.313172 
29/10/2002 00:00,731518.000000,28.000000,1,1,2,0.459742,0.485020,0.407718,0.355931,0.331208 
29/10/2002 00:00,731518.000000,28.000000,1,1,2,0.458711,0.483297,0.405713,0.357433,0.335835 
29/10/2002 00:00,731518.000000,28.000000,1,1,2,0.460463,0.486851,0.410479,0.359179,0.336934 
29/10/2002 00:00,731518.000000,28.000000,1,1,2,0.458891,0.482815,0.401690,0.347171,0.315277 
30/10/2002 00:00,731519.000000,29.000000,1,1,2,0.431811,0.465515,0.431486,0.363904,0.333991 
30/10/2002 00:00,731519.000000,29.000000,1,1,2,0.431147,0.464041,0.429031,0.364758,0.338503 
30/10/2002 00:00,731519.000000,29.000000,1,1,2,0.432461,0.467214,0.434677,0.367503,0.339716 
30/10/2002 00:00,731519.000000,29.000000,1,1,2,0.431209,0.463679,0.425581,0.354399,0.317609 
31/10/2002 00:00,731520.000000,30.000000,1,1,2,0.417846,0.450840,0.437878,0.376445,0.337621 
31/10/2002 00:00,731520.000000,30.000000,1,1,2,0.417267,0.449626,0.435590,0.376359,0.341953 
31/10/2002 00:00,731520.000000,30.000000,1,1,2,0.418481,0.452324,0.441040,0.380594,0.343433 
31/10/2002 00:00,731520.000000,30.000000,1,1,2,0.417300,0.449411,0.432309,0.366126,0.320627 
01/11/2002 00:00,731521.000000,31.000000,1,1,2,0.408714,0.439468,0.437922,0.388196,0.342600 
01/11/2002 00:00,731521.000000,31.000000,1,1,2,0.408164,0.438430,0.435862,0.387418,0.346618 
01/11/2002 00:00,731521.000000,31.000000,1,1,2,0.409338,0.440776,0.440926,0.392735,0.348623 
01/11/2002 00:00,731521.000000,31.000000,1,1,2,0.408191,0.438323,0.432745,0.377302,0.324788 
02/11/2002 00:00,731522.000000,32.000000,1,1,2,0.401809,0.430480,0.435616,0.397313,0.349015 
02/11/2002 00:00,731522.000000,32.000000,1,1,2,0.401277,0.429550,0.433739,0.396143,0.352580 
02/11/2002 00:00,731522.000000,32.000000,1,1,2,0.402425,0.431669,0.438429,0.402015,0.355365 
02/11/2002 00:00,731522.000000,32.000000,1,1,2,0.401308,0.429510,0.430842,0.386104,0.330192 
03/11/2002 00:00,731523.000000,33.000000,1,1,2,0.412413,0.425982,0.432774,0.403862,0.356575 
03/11/2002 00:00,731523.000000,33.000000,1,1,2,0.411309,0.425000,0.431016,0.402493,0.359597 
03/11/2002 00:00,731523.000000,33.000000,1,1,2,0.412898,0.427111,0.435407,0.408563,0.363310 
03/11/2002 00:00,731523.000000,33.000000,1,1,2,0.411409,0.425014,0.428355,0.392528,0.336598 
04/11/2002 00:00,731524.000000,34.000000,1,1,2,0.421349,0.424196,0.430258,0.408498,0.364847 
04/11/2002 00:00,731524.000000,34.000000,1,1,2,0.420935,0.423234,0.428575,0.407018,0.367295 
04/11/2002 00:00,731524.000000,34.000000,1,1,2,0.421822,0.425300,0.432740,0.413112,0.371968 
04/11/2002 00:00,731524.000000,34.000000,1,1,2,0.420967,0.423284,0.426150,0.397153,0.343630 
05/11/2002 00:00,731525.000000,35.000000,1,1,2,0.441653,0.425874,0.428568,0.411914,0.373472 
05/11/2002 00:00,731525.000000,35.000000,1,1,2,0.439209,0.424678,0.426902,0.410346,0.375349 
05/11/2002 00:00,731525.000000,35.000000,1,1,2,0.441711,0.426947,0.430934,0.416408,0.380944 
05/11/2002 00:00,731525.000000,35.000000,1,1,2,0.439324,0.424775,0.424697,0.400620,0.350962 
06/11/2002 00:00,731526.000000,36.000000,1,1,2,0.461707,0.431537,0.428213,0.414705,0.382240 
06/11/2002 00:00,731526.000000,36.000000,1,1,2,0.460576,0.430035,0.426480,0.413035,0.383557 
06/11/2002 00:00,731526.000000,36.000000,1,1,2,0.461780,0.432567,0.430499,0.419079,0.390020 
06/11/2002 00:00,731526.000000,36.000000,1,1,2,0.460759,0.430210,0.424486,0.403486,0.358393 
07/11/2002 00:00,731527.000000,37.000000,1,1,2,0.457827,0.438398,0.429426,0.417368,0.391088 
07/11/2002 00:00,731527.000000,37.000000,1,1,2,0.456979,0.436814,0.427566,0.415558,0.391848 
07/11/2002 00:00,731527.000000,37.000000,1,1,2,0.457977,0.439376,0.431654,0.421634,0.399144 
07/11/2002 00:00,731527.000000,37.000000,1,1,2,0.457259,0.437102,0.425799,0.406222,0.365849 
08/11/2002 00:00,731528.000000,38.000000,1,1,2,0.466737,0.444694,0.432068,0.420272,0.400071 
08/11/2002 00:00,731528.000000,38.000000,1,1,2,0.466137,0.443102,0.430059,0.418276,0.400256 
08/11/2002 00:00,731528.000000,38.000000,1,1,2,0.466869,0.445677,0.434260,0.424451,0.408387 
08/11/2002 00:00,731528.000000,38.000000,1,1,2,0.466445,0.443518,0.428551,0.409197,0.373358 
09/11/2002 00:00,731529.000000,39.000000,1,1,2,0.469078,0.451420,0.435961,0.423680,0.409324 
09/11/2002 00:00,731529.000000,39.000000,1,1,2,0.468537,0.449872,0.433800,0.421453,0.408896 
09/11/2002 00:00,731529.000000,39.000000,1,1,2,0.469258,0.452416,0.438142,0.427793,0.417909 
09/11/2002 00:00,731529.000000,39.000000,1,1,2,0.468770,0.450406,0.432583,0.412683,0.381024 
10/11/2002 00:00,731530.000000,40.000000,1,1,2,0.457177,0.454519,0.440566,0.427744,0.419046 
10/11/2002 00:00,731530.000000,40.000000,1,1,2,0.456637,0.453062,0.438279,0.425249,0.417938 
10/11/2002 00:00,731530.000000,40.000000,1,1,2,0.457422,0.455532,0.442747,0.431811,0.427936 
10/11/2002 00:00,731530.000000,40.000000,1,1,2,0.456857,0.453670,0.437386,0.416859,0.389004 
11/11/2002 00:00,731531.000000,41.000000,1,1,2,0.447447,0.453307,0.444472,0.432368,0.429464 
11/11/2002 00:00,731531.000000,41.000000,1,1,2,0.446939,0.451958,0.442126,0.429586,0.427585 
11/11/2002 00:00,731531.000000,41.000000,1,1,2,0.447718,0.454336,0.446649,0.436395,0.438725 
11/11/2002 00:00,731531.000000,41.000000,1,1,2,0.447124,0.452605,0.441545,0.421670,0.397481 
12/11/2002 00:00,731532.000000,42.000000,1,1,2,0.442523,0.450556,0.446779,0.437122,0.440767 
12/11/2002 00:00,731532.000000,42.000000,1,1,2,0.441957,0.449298,0.444444,0.434074,0.438001 
12/11/2002 00:00,731532.000000,42.000000,1,1,2,0.442796,0.451581,0.448935,0.441096,0.450489 
12/11/2002 00:00,731532.000000,42.000000,1,1,2,0.442114,0.449958,0.444134,0.426725,0.406613 
13/11/2002 00:00,731533.000000,43.000000,1,1,2,0.490119,0.455821,0.448834,0.441653,0.453069 
13/11/2002 00:00,731533.000000,43.000000,1,1,2,0.489764,0.454546,0.446520,0.438389,0.449285 
13/11/2002 00:00,731533.000000,43.000000,1,1,2,0.490153,0.456898,0.450980,0.445554,0.463359 
13/11/2002 00:00,731533.000000,43.000000,1,1,2,0.489761,0.455270,0.446456,0.431667,0.416480 
14/11/2002 00:00,731534.000000,44.000000,1,1,2,0.501617,0.470651,0.453356,0.446264,0.466519 
14/11/2002 00:00,731534.000000,44.000000,1,1,2,0.501302,0.469427,0.451024,0.442818,0.461570 
14/11/2002 00:00,731534.000000,44.000000,1,1,2,0.501753,0.471684,0.455525,0.450083,0.477522 
14/11/2002 00:00,731534.000000,44.000000,1,1,2,0.501401,0.470176,0.451249,0.436785,0.427162 
15/11/2002 00:00,731535.000000,45.000000,1,1,2,0.463958,0.474544,0.460502,0.451652,0.481517 
15/11/2002 00:00,731535.000000,45.000000,1,1,2,0.463485,0.473423,0.458172,0.448047,0.475218 
15/11/2002 00:00,731535.000000,45.000000,1,1,2,0.464332,0.475590,0.462688,0.455391,0.493448 
15/11/2002 00:00,731535.000000,45.000000,1,1,2,0.463725,0.474213,0.458762,0.442845,0.438915 
16/11/2002 00:00,731536.000000,46.000000,1,1,2,0.455249,0.469231,0.465499,0.457762,0.498679 
16/11/2002 00:00,731536.000000,46.000000,1,1,2,0.454526,0.468097,0.463237,0.454058,0.490798 
16/11/2002 00:00,731536.000000,46.000000,1,1,2,0.455520,0.470310,0.467679,0.461398,0.511841 
16/11/2002 00:00,731536.000000,46.000000,1,1,2,0.454665,0.468921,0.464163,0.449935,0.452201 
17/11/2002 00:00,731537.000000,47.000000,1,1,2,0.450519,0.463468,0.466510,0.463311,0.518399 
17/11/2002 00:00,731537.000000,47.000000,1,1,2,0.449797,0.462357,0.464367,0.459628,0.508720 
17/11/2002 00:00,731537.000000,47.000000,1,1,2,0.450736,0.464499,0.468646,0.466831,0.533106 
17/11/2002 00:00,731537.000000,47.000000,1,1,2,0.449875,0.463150,0.465535,0.456741,0.467399 
18/11/2002 00:00,731538.000000,48.000000,1,1,2,0.438720,0.456281,0.464556,0.467131,0.540315 
18/11/2002 00:00,731538.000000,48.000000,1,1,2,0.437971,0.455222,0.462574,0.463571,0.528828 
18/11/2002 00:00,731538.000000,48.000000,1,1,2,0.438967,0.457242,0.466625,0.470709,0.556684 
18/11/2002 00:00,731538.000000,48.000000,1,1,2,0.438047,0.455947,0.463867,0.461771,0.484442 
19/11/2002 00:00,731539.000000,49.000000,1,1,2,0.431527,0.449229,0.460741,0.469351,0.562932 
19/11/2002 00:00,731539.000000,49.000000,1,1,2,0.430716,0.448200,0.458896,0.465792,0.550189 
19/11/2002 00:00,731539.000000,49.000000,1,1,2,0.431803,0.450160,0.462848,0.473761,0.580423 
19/11/2002 00:00,731539.000000,49.000000,1,1,2,0.430776,0.448844,0.460123,0.464339,0.502743 
20/11/2002 00:00,731540.000000,50.000000,1,1,2,0.428647,0.443586,0.456488,0.471694,0.583747 
20/11/2002 00:00,731540.000000,50.000000,1,1,2,0.427728,0.442535,0.454654,0.467537,0.571099 
20/11/2002 00:00,731540.000000,50.000000,1,1,2,0.428950,0.444545,0.458914,0.478838,0.599123 
20/11/2002 00:00,731540.000000,50.000000,1,1,2,0.427750,0.443075,0.455507,0.464609,0.521314 
21/11/2002 00:00,731541.000000,51.000000,1,1,2,0.428769,0.439646,0.453011,0.477431,0.599697 
21/11/2002 00:00,731541.000000,51.000000,1,1,2,0.427716,0.438505,0.450897,0.470960,0.589529 
21/11/2002 00:00,731541.000000,51.000000,1,1,2,0.429092,0.440684,0.456090,0.490085,0.600000 
21/11/2002 00:00,731541.000000,51.000000,1,1,2,0.427679,0.438907,0.450974,0.463490,0.538926 
22/11/2002 00:00,731542.000000,52.000000,1,1,2,0.429605,0.437193,0.451596,0.493983,0.600000 
22/11/2002 00:00,731542.000000,52.000000,1,1,2,0.428405,0.435831,0.448326,0.479139,0.600000 
22/11/2002 00:00,731542.000000,52.000000,1,1,2,0.429791,0.437802,0.451790,0.491767,0.600000 
22/11/2002 00:00,731542.000000,52.000000,1,1,2,0.428299,0.436043,0.447064,0.462266,0.554333 
23/11/2002 00:00,731543.000000,53.000000,1,1,2,0.426120,0.434752,0.449357,0.504154,0.600000 
23/11/2002 00:00,731543.000000,53.000000,1,1,2,0.424969,0.433442,0.446699,0.491259,0.600000 
23/11/2002 00:00,731543.000000,53.000000,1,1,2,0.426325,0.435315,0.448972,0.497093,0.600000 
23/11/2002 00:00,731543.000000,53.000000,1,1,2,0.424820,0.433454,0.443871,0.461988,0.566775 
24/11/2002 00:00,731544.000000,54.000000,1,1,2,0.420374,0.432130,0.449268,0.523216,0.600000 
24/11/2002 00:00,731544.000000,54.000000,1,1,2,0.419402,0.430561,0.444469,0.498095,0.600000 
24/11/2002 00:00,731544.000000,54.000000,1,1,2,0.420654,0.432768,0.449181,0.517254,0.600000 
24/11/2002 00:00,731544.000000,54.000000,1,1,2,0.419207,0.430523,0.441188,0.462978,0.576419 
25/11/2002 00:00,731545.000000,55.000000,1,1,2,0.411431,0.428923,0.452042,0.551097,0.600000 
25/11/2002 00:00,731545.000000,55.000000,1,1,2,0.410840,0.426836,0.442034,0.501688,0.600000 
25/11/2002 00:00,731545.000000,55.000000,1,1,2,0.411762,0.429581,0.451982,0.547300,0.600000 
25/11/2002 00:00,731545.000000,55.000000,1,1,2,0.410687,0.426793,0.438725,0.465013,0.584171 
26/11/2002 00:00,731546.000000,56.000000,1,1,2,0.408447,0.426261,0.457369,0.574755,0.600000 
26/11/2002 00:00,731546.000000,56.000000,1,1,2,0.407551,0.423263,0.439128,0.500407,0.600000 
26/11/2002 00:00,731546.000000,56.000000,1,1,2,0.408798,0.426888,0.457008,0.572462,0.600000 
26/11/2002 00:00,731546.000000,56.000000,1,1,2,0.407355,0.423269,0.436406,0.467861,0.590925 
27/11/2002 00:00,731547.000000,57.000000,1,1,2,0.407011,0.424317,0.463717,0.588594,0.600000 
27/11/2002 00:00,731547.000000,57.000000,1,1,2,0.405679,0.420144,0.435946,0.495218,0.600000 
27/11/2002 00:00,731547.000000,57.000000,1,1,2,0.407390,0.425017,0.464100,0.589440,0.600000 
27/11/2002 00:00,731547.000000,57.000000,1,1,2,0.405463,0.420241,0.434319,0.471435,0.596794 
28/11/2002 00:00,731548.000000,58.000000,1,1,2,0.429801,0.425963,0.471021,0.598272,0.600000 
28/11/2002 00:00,731548.000000,58.000000,1,1,2,0.425415,0.420120,0.433577,0.490924,0.600000 
28/11/2002 00:00,731548.000000,58.000000,1,1,2,0.429878,0.426712,0.471982,0.599124,0.600000 
28/11/2002 00:00,731548.000000,58.000000,1,1,2,0.425030,0.420279,0.432895,0.476057,0.600000 
29/11/2002 00:00,731549.000000,59.000000,1,1,2,0.448387,0.431437,0.484498,0.600000,0.600000 
29/11/2002 00:00,731549.000000,59.000000,1,1,2,0.445720,0.423537,0.433430,0.494853,0.600000 
29/11/2002 00:00,731549.000000,59.000000,1,1,2,0.448459,0.431694,0.481612,0.600000,0.600000 
29/11/2002 00:00,731549.000000,59.000000,1,1,2,0.445434,0.423619,0.432322,0.480179,0.600000 
30/11/2002 00:00,731550.000000,60.000000,1,1,2,0.436277,0.437172,0.506594,0.600000,0.600000 
30/11/2002 00:00,731550.000000,60.000000,1,1,2,0.433137,0.426604,0.434727,0.502799,0.600000 
30/11/2002 00:00,731550.000000,60.000000,1,1,2,0.435663,0.434965,0.486311,0.600000,0.600000 
30/11/2002 00:00,731550.000000,60.000000,1,1,2,0.432847,0.426525,0.432406,0.483170,0.600000 
01/12/2002 00:00,731551.000000,61.000000,1,1,2,0.428628,0.441854,0.533331,0.600000,0.600000 
01/12/2002 00:00,731551.000000,61.000000,1,1,2,0.424191,0.427018,0.438365,0.522260,0.600000 
01/12/2002 00:00,731551.000000,61.000000,1,1,2,0.426827,0.435204,0.489375,0.600000,0.600000 
01/12/2002 00:00,731551.000000,61.000000,1,1,2,0.423779,0.426578,0.432941,0.487170,0.600000 
02/12/2002 00:00,731552.000000,62.000000,1,1,2,0.427226,0.448887,0.562660,0.600000,0.600000 
02/12/2002 00:00,731552.000000,62.000000,1,1,2,0.420436,0.426505,0.442756,0.539658,0.600000 
02/12/2002 00:00,731552.000000,62.000000,1,1,2,0.423539,0.435191,0.495821,0.600000,0.600000 
02/12/2002 00:00,731552.000000,62.000000,1,1,2,0.419786,0.425587,0.433403,0.491001,0.600000 
03/12/2002 00:00,731553.000000,63.000000,1,1,2,0.425641,0.461027,0.592054,0.600000,0.600000 
03/12/2002 00:00,731553.000000,63.000000,1,1,2,0.414850,0.425102,0.445646,0.546186,0.600000 
03/12/2002 00:00,731553.000000,63.000000,1,1,2,0.418376,0.435080,0.504478,0.600000,0.600000 
03/12/2002 00:00,731553.000000,63.000000,1,1,2,0.414133,0.423844,0.433712,0.494848,0.600000 
04/12/2002 00:00,731554.000000,64.000000,1,1,2,0.428495,0.480702,0.600000,0.600000,0.600000 
04/12/2002 00:00,731554.000000,64.000000,1,1,2,0.410544,0.422967,0.445376,0.542084,0.600000 
04/12/2002 00:00,731554.000000,64.000000,1,1,2,0.414822,0.435367,0.514681,0.600000,0.600000 
04/12/2002 00:00,731554.000000,64.000000,1,1,2,0.409806,0.421685,0.433759,0.498078,0.600000 
05/12/2002 00:00,731555.000000,65.000000,1,1,2,0.435715,0.503963,0.600000,0.600000,0.600000 
05/12/2002 00:00,731555.000000,65.000000,1,1,2,0.407124,0.420616,0.443897,0.536535,0.600000 
05/12/2002 00:00,731555.000000,65.000000,1,1,2,0.412475,0.436280,0.524528,0.600000,0.600000 
05/12/2002 00:00,731555.000000,65.000000,1,1,2,0.406374,0.419400,0.433517,0.500262,0.600000 
06/12/2002 00:00,731556.000000,66.000000,1,1,2,0.445462,0.523893,0.600000,0.600000,0.600000 
06/12/2002 00:00,731556.000000,66.000000,1,1,2,0.404343,0.418175,0.441024,0.526990,0.600000 
06/12/2002 00:00,731556.000000,66.000000,1,1,2,0.411166,0.438183,0.534961,0.600000,0.600000 
06/12/2002 00:00,731556.000000,66.000000,1,1,2,0.403605,0.417150,0.433060,0.501588,0.600000 
07/12/2002 00:00,731557.000000,67.000000,1,1,2,0.455414,0.540309,0.600000,0.600000,0.600000 
07/12/2002 00:00,731557.000000,67.000000,1,1,2,0.402055,0.415876,0.438274,0.518803,0.600000 
07/12/2002 00:00,731557.000000,67.000000,1,1,2,0.410673,0.440797,0.544128,0.600000,0.600000 
07/12/2002 00:00,731557.000000,67.000000,1,1,2,0.401330,0.415015,0.432440,0.502122,0.600000 
08/12/2002 00:00,731558.000000,68.000000,1,1,2,0.465590,0.554573,0.600000,0.600000,0.600000 
08/12/2002 00:00,731558.000000,68.000000,1,1,2,0.404246,0.414681,0.439869,0.532033,0.600000 
08/12/2002 00:00,731558.000000,68.000000,1,1,2,0.413795,0.444183,0.552241,0.600000,0.600000 
08/12/2002 00:00,731558.000000,68.000000,1,1,2,0.403610,0.413553,0.431754,0.502028,0.600000 
09/12/2002 00:00,731559.000000,69.000000,1,1,2,0.473037,0.566131,0.600000,0.600000,0.600000 
09/12/2002 00:00,731559.000000,69.000000,1,1,2,0.404803,0.414100,0.443358,0.547255,0.600000 
09/12/2002 00:00,731559.000000,69.000000,1,1,2,0.415779,0.447729,0.559519,0.600000,0.600000 
09/12/2002 00:00,731559.000000,69.000000,1,1,2,0.404055,0.412487,0.431147,0.501942,0.600000 
10/12/2002 00:00,731560.000000,70.000000,1,1,2,0.478361,0.574463,0.600000,0.600000,0.600000 
10/12/2002 00:00,731560.000000,70.000000,1,1,2,0.404056,0.413759,0.447467,0.558207,0.600000 
10/12/2002 00:00,731560.000000,70.000000,1,1,2,0.416730,0.451013,0.565837,0.600000,0.600000 
10/12/2002 00:00,731560.000000,70.000000,1,1,2,0.403132,0.411542,0.430743,0.502581,0.600000 
11/12/2002 00:00,731561.000000,71.000000,1,1,2,0.482473,0.580726,0.600000,0.600000,0.600000 
11/12/2002 00:00,731561.000000,71.000000,1,1,2,0.402658,0.413366,0.450465,0.563186,0.600000 
11/12/2002 00:00,731561.000000,71.000000,1,1,2,0.417092,0.453793,0.570938,0.600000,0.600000 
11/12/2002 00:00,731561.000000,71.000000,1,1,2,0.401544,0.410577,0.430460,0.503428,0.600000 
12/12/2002 00:00,731562.000000,72.000000,1,1,2,0.486183,0.586253,0.600000,0.600000,0.600000 
12/12/2002 00:00,731562.000000,72.000000,1,1,2,0.400187,0.412649,0.451297,0.562710,0.600000 
12/12/2002 00:00,731562.000000,72.000000,1,1,2,0.416599,0.456207,0.575627,0.600000,0.600000 
12/12/2002 00:00,731562.000000,72.000000,1,1,2,0.398888,0.409450,0.430182,0.503993,0.600000 
13/12/2002 00:00,731563.000000,73.000000,1,1,2,0.489986,0.591125,0.600000,0.600000,0.600000 
13/12/2002 00:00,731563.000000,73.000000,1,1,2,0.398138,0.411613,0.449908,0.557449,0.600000 
13/12/2002 00:00,731563.000000,73.000000,1,1,2,0.416669,0.458585,0.580198,0.600000,0.600000 
13/12/2002 00:00,731563.000000,73.000000,1,1,2,0.396695,0.408223,0.429832,0.504049,0.600000 
14/12/2002 00:00,731564.000000,74.000000,1,1,2,0.494178,0.595446,0.600000,0.600000,0.600000 
14/12/2002 00:00,731564.000000,74.000000,1,1,2,0.398846,0.410779,0.448403,0.553473,0.600000 
14/12/2002 00:00,731564.000000,74.000000,1,1,2,0.419107,0.461277,0.584755,0.600000,0.600000 
14/12/2002 00:00,731564.000000,74.000000,1,1,2,0.397313,0.407245,0.429375,0.503440,0.600000 
15/12/2002 00:00,731565.000000,75.000000,1,1,2,0.497524,0.598326,0.600000,0.600000,0.600000 
15/12/2002 00:00,731565.000000,75.000000,1,1,2,0.399961,0.410333,0.448181,0.554289,0.600000 
15/12/2002 00:00,731565.000000,75.000000,1,1,2,0.421495,0.463989,0.588857,0.600000,0.600000 
15/12/2002 00:00,731565.000000,75.000000,1,1,2,0.398332,0.406566,0.428925,0.502816,0.600000 
16/12/2002 00:00,731566.000000,76.000000,1,1,2,0.498913,0.599361,0.600000,0.600000,0.600000 
16/12/2002 00:00,731566.000000,76.000000,1,1,2,0.397944,0.409900,0.449221,0.558582,0.600000 
16/12/2002 00:00,731566.000000,76.000000,1,1,2,0.421137,0.466038,0.591789,0.600000,0.600000 
16/12/2002 00:00,731566.000000,76.000000,1,1,2,0.396181,0.405803,0.428633,0.503096,0.600000 
17/12/2002 00:00,731567.000000,77.000000,1,1,2,0.500341,0.599988,0.600000,0.600000,0.600000 
17/12/2002 00:00,731567.000000,77.000000,1,1,2,0.395766,0.409261,0.449554,0.558943,0.600000 
17/12/2002 00:00,731567.000000,77.000000,1,1,2,0.420629,0.467224,0.593282,0.600000,0.600000 
17/12/2002 00:00,731567.000000,77.000000,1,1,2,0.393858,0.404885,0.428424,0.503664,0.600000 
18/12/2002 00:00,731568.000000,78.000000,1,1,2,0.502423,0.600000,0.600000,0.600000,0.600000 
18/12/2002 00:00,731568.000000,78.000000,1,1,2,0.393922,0.408358,0.448120,0.553962,0.600000 
18/12/2002 00:00,731568.000000,78.000000,1,1,2,0.420358,0.467790,0.593925,0.600000,0.600000 
18/12/2002 00:00,731568.000000,78.000000,1,1,2,0.391892,0.403878,0.428196,0.503953,0.600000 
19/12/2002 00:00,731569.000000,79.000000,1,1,2,0.504584,0.600000,0.600000,0.600000,0.600000 
19/12/2002 00:00,731569.000000,79.000000,1,1,2,0.392273,0.407197,0.444961,0.544346,0.600000 
19/12/2002 00:00,731569.000000,79.000000,1,1,2,0.420130,0.467982,0.594117,0.600000,0.600000 
19/12/2002 00:00,731569.000000,79.000000,1,1,2,0.390169,0.402830,0.427875,0.503688,0.600000 
20/12/2002 00:00,731570.000000,80.000000,1,1,2,0.506401,0.600000,0.600000,0.600000,0.600000 
20/12/2002 00:00,731570.000000,80.000000,1,1,2,0.390668,0.405926,0.441677,0.535191,0.600000 
20/12/2002 00:00,731570.000000,80.000000,1,1,2,0.419799,0.467990,0.594122,0.600000,0.600000 
20/12/2002 00:00,731570.000000,80.000000,1,1,2,0.388534,0.401757,0.427413,0.502795,0.600000 
21/12/2002 00:00,731571.000000,81.000000,1,1,2,0.506649,0.600000,0.600000,0.600000,0.600000 
21/12/2002 00:00,731571.000000,81.000000,1,1,2,0.388273,0.404725,0.440787,0.536291,0.600000 
21/12/2002 00:00,731571.000000,81.000000,1,1,2,0.418557,0.467953,0.594206,0.600000,0.600000 
21/12/2002 00:00,731571.000000,81.000000,1,1,2,0.386208,0.400594,0.426857,0.501725,0.600000 
22/12/2002 00:00,731572.000000,82.000000,1,1,2,0.505868,0.600000,0.600000,0.600000,0.600000 
22/12/2002 00:00,731572.000000,82.000000,1,1,2,0.385063,0.403566,0.442110,0.544752,0.600000 
22/12/2002 00:00,731572.000000,82.000000,1,1,2,0.417055,0.467784,0.594126,0.600000,0.600000 
22/12/2002 00:00,731572.000000,82.000000,1,1,2,0.382953,0.399262,0.426334,0.501263,0.600000 
23/12/2002 00:00,731573.000000,83.000000,1,1,2,0.505440,0.600000,0.600000,0.600000,0.600000 
23/12/2002 00:00,731573.000000,83.000000,1,1,2,0.381981,0.402408,0.443948,0.550762,0.600000 
23/12/2002 00:00,731573.000000,83.000000,1,1,2,0.415805,0.467498,0.593859,0.600000,0.600000 
23/12/2002 00:00,731573.000000,83.000000,1,1,2,0.379791,0.397805,0.425886,0.501393,0.600000 
24/12/2002 00:00,731574.000000,84.000000,1,1,2,0.505744,0.600000,0.600000,0.600000,0.600000 
24/12/2002 00:00,731574.000000,84.000000,1,1,2,0.379467,0.401201,0.444573,0.550736,0.600000 
24/12/2002 00:00,731574.000000,84.000000,1,1,2,0.415010,0.467071,0.593327,0.600000,0.600000 
24/12/2002 00:00,731574.000000,84.000000,1,1,2,0.377155,0.396308,0.425424,0.501339,0.600000 
25/12/2002 00:00,731575.000000,85.000000,1,1,2,0.506457,0.600000,0.600000,0.600000,0.600000 
25/12/2002 00:00,731575.000000,85.000000,1,1,2,0.375707,0.399656,0.442892,0.543960,0.600000 
25/12/2002 00:00,731575.000000,85.000000,1,1,2,0.413568,0.466344,0.592387,0.600000,0.600000 
25/12/2002 00:00,731575.000000,85.000000,1,1,2,0.373017,0.394613,0.424856,0.500729,0.600000 
26/12/2002 00:00,731576.000000,86.000000,1,1,2,0.506646,0.600000,0.600000,0.600000,0.600000 
26/12/2002 00:00,731576.000000,86.000000,1,1,2,0.371722,0.397740,0.439299,0.532423,0.600000 
26/12/2002 00:00,731576.000000,86.000000,1,1,2,0.411759,0.465352,0.591071,0.600000,0.600000 
26/12/2002 00:00,731576.000000,86.000000,1,1,2,0.368821,0.392764,0.424140,0.499580,0.600000 
27/12/2002 00:00,731577.000000,87.000000,1,1,2,0.506788,0.600000,0.600000,0.600000,0.600000 
27/12/2002 00:00,731577.000000,87.000000,1,1,2,0.369037,0.395811,0.436333,0.525269,0.600000 
27/12/2002 00:00,731577.000000,87.000000,1,1,2,0.410963,0.464114,0.589161,0.600000,0.600000 
27/12/2002 00:00,731577.000000,87.000000,1,1,2,0.365946,0.390936,0.423284,0.498020,0.600000 
28/12/2002 00:00,731578.000000,88.000000,1,1,2,0.506498,0.600000,0.600000,0.600000,0.600000 
28/12/2002 00:00,731578.000000,88.000000,1,1,2,0.367446,0.394194,0.436004,0.530432,0.600000 
28/12/2002 00:00,731578.000000,88.000000,1,1,2,0.410687,0.462748,0.586879,0.600000,0.600000 
28/12/2002 00:00,731578.000000,88.000000,1,1,2,0.364174,0.389238,0.422379,0.496542,0.600000 
29/12/2002 00:00,731579.000000,89.000000,1,1,2,0.506757,0.600000,0.600000,0.600000,0.600000 
29/12/2002 00:00,731579.000000,89.000000,1,1,2,0.367323,0.393040,0.437501,0.539408,0.600000 
29/12/2002 00:00,731579.000000,89.000000,1,1,2,0.411162,0.461566,0.584796,0.600000,0.600000 
29/12/2002 00:00,731579.000000,89.000000,1,1,2,0.363861,0.387793,0.421607,0.495989,0.600000 
30/12/2002 00:00,731580.000000,90.000000,1,1,2,0.507101,0.600000,0.600000,0.600000,0.600000 
30/12/2002 00:00,731580.000000,90.000000,1,1,2,0.367652,0.392257,0.439016,0.543078,0.600000 
30/12/2002 00:00,731580.000000,90.000000,1,1,2,0.411546,0.460609,0.583079,0.600000,0.600000 
30/12/2002 00:00,731580.000000,90.000000,1,1,2,0.364004,0.386592,0.420928,0.495540,0.600000 
31/12/2002 00:00,731581.000000,91.000000,1,1,2,0.506832,0.600000,0.600000,0.600000,0.600000 
31/12/2002 00:00,731581.000000,91.000000,1,1,2,0.367413,0.391575,0.438869,0.539785,0.600000 
31/12/2002 00:00,731581.000000,91.000000,1,1,2,0.411208,0.459752,0.581599,0.600000,0.600000 
31/12/2002 00:00,731581.000000,91.000000,1,1,2,0.363591,0.385535,0.420272,0.494765,0.600000 
01/01/2003 00:00,731582.000000,92.000000,1,1,2,0.506086,0.600000,0.600000,0.600000,0.600000 
01/01/2003 00:00,731582.000000,92.000000,1,1,2,0.367173,0.390798,0.436346,0.529647,0.600000 
01/01/2003 00:00,731582.000000,92.000000,1,1,2,0.410838,0.458948,0.580180,0.600000,0.600000 
01/01/2003 00:00,731582.000000,92.000000,1,1,2,0.363201,0.384592,0.419577,0.493515,0.600000 
02/01/2003 00:00,731583.000000,93.000000,1,1,2,0.504869,0.600000,0.600000,0.600000,0.600000 
02/01/2003 00:00,731583.000000,93.000000,1,1,2,0.367165,0.389918,0.432740,0.517816,0.600000 
02/01/2003 00:00,731583.000000,93.000000,1,1,2,0.410632,0.458133,0.578630,0.600000,0.600000 
02/01/2003 00:00,731583.000000,93.000000,1,1,2,0.363089,0.383761,0.418810,0.491798,0.600000 
03/01/2003 00:00,731584.000000,94.000000,1,1,2,0.502345,0.600000,0.600000,0.600000,0.600000 
03/01/2003 00:00,731584.000000,94.000000,1,1,2,0.367522,0.389112,0.430204,0.512596,0.600000 
03/01/2003 00:00,731584.000000,94.000000,1,1,2,0.410362,0.457101,0.576486,0.600000,0.600000 
03/01/2003 00:00,731584.000000,94.000000,1,1,2,0.363388,0.383057,0.418023,0.490109,0.600000 
04/01/2003 00:00,731585.000000,95.000000,1,1,2,0.500750,0.600000,0.600000,0.600000,0.600000 
04/01/2003 00:00,731585.000000,95.000000,1,1,2,0.368101,0.388558,0.430094,0.519400,0.600000 
04/01/2003 00:00,731585.000000,95.000000,1,1,2,0.409907,0.455690,0.573418,0.600000,0.600000 
04/01/2003 00:00,731585.000000,95.000000,1,1,2,0.363935,0.382490,0.417389,0.489466,0.600000 
05/01/2003 00:00,731586.000000,96.000000,1,1,2,0.499980,0.599919,0.600000,0.600000,0.600000 
05/01/2003 00:00,731586.000000,96.000000,1,1,2,0.368633,0.388294,0.431823,0.529684,0.600000 
05/01/2003 00:00,731586.000000,96.000000,1,1,2,0.409422,0.454033,0.569781,0.600000,0.600000 
05/01/2003 00:00,731586.000000,96.000000,1,1,2,0.364482,0.382040,0.416871,0.489046,0.600000 
06/01/2003 00:00,731587.000000,97.000000,1,1,2,0.499328,0.599654,0.600000,0.600000,0.600000 
06/01/2003 00:00,731587.000000,97.000000,1,1,2,0.368435,0.388146,0.433284,0.531957,0.600000 
06/01/2003 00:00,731587.000000,97.000000,1,1,2,0.408749,0.452228,0.565806,0.600000,0.600000 
06/01/2003 00:00,731587.000000,97.000000,1,1,2,0.364836,0.381672,0.416399,0.488400,0.600000 
07/01/2003 00:00,731588.000000,98.000000,1,1,2,0.498401,0.599139,0.600000,0.600000,0.600000 
07/01/2003 00:00,731588.000000,98.000000,1,1,2,0.368436,0.387961,0.432741,0.526023,0.600000 
07/01/2003 00:00,731588.000000,98.000000,1,1,2,0.407910,0.450306,0.561511,0.600000,0.600000 
07/01/2003 00:00,731588.000000,98.000000,1,1,2,0.364556,0.381313,0.415924,0.487458,0.600000 
08/01/2003 00:00,731589.000000,99.000000,1,1,2,0.497153,0.598272,0.600000,0.600000,0.600000 
08/01/2003 00:00,731589.000000,99.000000,1,1,2,0.368449,0.387606,0.430083,0.514434,0.600000 
08/01/2003 00:00,731589.000000,99.000000,1,1,2,0.406943,0.448288,0.556924,0.600000,0.600000 
08/01/2003 00:00,731589.000000,99.000000,1,1,2,0.364366,0.380969,0.415431,0.486361,0.600000 
09/01/2003 00:00,731590.000000,100.000000,1,1,2,0.495664,0.597049,0.600000,0.600000,0.600000 
09/01/2003 00:00,731590.000000,100.000000,1,1,2,0.368365,0.387097,0.426800,0.503092,0.600000 
09/01/2003 00:00,731590.000000,100.000000,1,1,2,0.405858,0.446240,0.552265,0.600000,0.600000 
09/01/2003 00:00,731590.000000,100.000000,1,1,2,0.364200,0.380640,0.414933,0.485277,0.600000 
10/01/2003 00:00,731591.000000,101.000000,1,1,2,0.494064,0.595665,0.600000,0.600000,0.600000 
10/01/2003 00:00,731591.000000,101.000000,1,1,2,0.366899,0.386419,0.424223,0.496996,0.600000 
10/01/2003 00:00,731591.000000,101.000000,1,1,2,0.403542,0.444050,0.547566,0.600000,0.600000 
10/01/2003 00:00,731591.000000,101.000000,1,1,2,0.362806,0.380232,0.414542,0.485030,0.600000 
11/01/2003 00:00,731592.000000,102.000000,1,1,2,0.492242,0.594428,0.600000,0.600000,0.600000 
11/01/2003 00:00,731592.000000,102.000000,1,1,2,0.359145,0.385214,0.424287,0.507324,0.600000 
11/01/2003 00:00,731592.000000,102.000000,1,1,2,0.396201,0.441204,0.542915,0.600000,0.600000 
11/01/2003 00:00,731592.000000,102.000000,1,1,2,0.355041,0.379213,0.414052,0.484019,0.600000 
12/01/2003 00:00,731593.000000,103.000000,1,1,2,0.492195,0.594376,0.600000,0.600000,0.600000 
12/01/2003 00:00,731593.000000,103.000000,1,1,2,0.354115,0.383952,0.426500,0.522227,0.600000 
12/01/2003 00:00,731593.000000,103.000000,1,1,2,0.392224,0.438601,0.538786,0.600000,0.600000 
12/01/2003 00:00,731593.000000,103.000000,1,1,2,0.349881,0.377916,0.413485,0.483007,0.600000 
13/01/2003 00:00,731594.000000,104.000000,1,1,2,0.492912,0.594830,0.600000,0.600000,0.600000 
13/01/2003 00:00,731594.000000,104.000000,1,1,2,0.352953,0.382944,0.428373,0.524478,0.600000 
13/01/2003 00:00,731594.000000,104.000000,1,1,2,0.391848,0.436639,0.535260,0.600000,0.600000 
13/01/2003 00:00,731594.000000,104.000000,1,1,2,0.348502,0.376697,0.412877,0.482054,0.600000 
14/01/2003 00:00,731595.000000,105.000000,1,1,2,0.493196,0.594910,0.600000,0.600000,0.600000 
14/01/2003 00:00,731595.000000,105.000000,1,1,2,0.353651,0.382152,0.428087,0.518121,0.600000 
14/01/2003 00:00,731595.000000,105.000000,1,1,2,0.392698,0.435187,0.532190,0.600000,0.600000 
14/01/2003 00:00,731595.000000,105.000000,1,1,2,0.348996,0.375684,0.412228,0.480894,0.600000 
15/01/2003 00:00,731596.000000,106.000000,1,1,2,0.492681,0.594347,0.600000,0.600000,0.600000 
15/01/2003 00:00,731596.000000,106.000000,1,1,2,0.353920,0.381360,0.425750,0.506972,0.600000 
15/01/2003 00:00,731596.000000,106.000000,1,1,2,0.392751,0.433863,0.529086,0.600000,0.600000 
15/01/2003 00:00,731596.000000,106.000000,1,1,2,0.349122,0.374811,0.411576,0.479817,0.600000 
16/01/2003 00:00,731597.000000,107.000000,1,1,2,0.491873,0.593621,0.600000,0.600000,0.600000 
16/01/2003 00:00,731597.000000,107.000000,1,1,2,0.352665,0.380394,0.422539,0.495327,0.600000 
16/01/2003 00:00,731597.000000,107.000000,1,1,2,0.391223,0.432306,0.525435,0.600000,0.600000 
16/01/2003 00:00,731597.000000,107.000000,1,1,2,0.347793,0.373944,0.410923,0.478763,0.600000 
17/01/2003 00:00,731598.000000,108.000000,1,1,2,0.493047,0.594511,0.600000,0.600000,0.600000 
17/01/2003 00:00,731598.000000,108.000000,1,1,2,0.354996,0.379647,0.420106,0.490309,0.600000 
17/01/2003 00:00,731598.000000,108.000000,1,1,2,0.393814,0.431176,0.521974,0.600000,0.600000 
17/01/2003 00:00,731598.000000,108.000000,1,1,2,0.349895,0.373336,0.410327,0.478001,0.600000 
18/01/2003 00:00,731599.000000,109.000000,1,1,2,0.504681,0.600000,0.600000,0.600000,0.600000 
18/01/2003 00:00,731599.000000,109.000000,1,1,2,0.390411,0.381358,0.420588,0.502975,0.600000 
18/01/2003 00:00,731599.000000,109.000000,1,1,2,0.423404,0.433401,0.520548,0.600000,0.600000 
18/01/2003 00:00,731599.000000,109.000000,1,1,2,0.385784,0.374892,0.409869,0.476704,0.600000 
19/01/2003 00:00,731600.000000,110.000000,1,1,2,0.509212,0.600000,0.600000,0.600000,0.600000 
19/01/2003 00:00,731600.000000,110.000000,1,1,2,0.414995,0.385144,0.423442,0.517835,0.600000 
19/01/2003 00:00,731600.000000,110.000000,1,1,2,0.439467,0.437028,0.520990,0.600000,0.600000 
19/01/2003 00:00,731600.000000,110.000000,1,1,2,0.411160,0.378264,0.409692,0.475638,0.600000 
20/01/2003 00:00,731601.000000,111.000000,1,1,2,0.502702,0.600000,0.600000,0.600000,0.600000 
20/01/2003 00:00,731601.000000,111.000000,1,1,2,0.405385,0.389140,0.426256,0.520432,0.600000 
20/01/2003 00:00,731601.000000,111.000000,1,1,2,0.425295,0.438440,0.521841,0.600000,0.600000 
20/01/2003 00:00,731601.000000,111.000000,1,1,2,0.402095,0.381949,0.409743,0.474522,0.600000 
21/01/2003 00:00,731602.000000,112.000000,1,1,2,0.499276,0.599567,0.600000,0.600000,0.600000 
21/01/2003 00:00,731602.000000,112.000000,1,1,2,0.398080,0.391510,0.426838,0.513801,0.600000 
21/01/2003 00:00,731602.000000,112.000000,1,1,2,0.415958,0.437852,0.522546,0.600000,0.600000 
21/01/2003 00:00,731602.000000,112.000000,1,1,2,0.395070,0.384238,0.409860,0.473254,0.599572 
22/01/2003 00:00,731603.000000,113.000000,1,1,2,0.496568,0.597995,0.600000,0.600000,0.600000 
22/01/2003 00:00,731603.000000,113.000000,1,1,2,0.389617,0.392369,0.425348,0.502846,0.600000 
22/01/2003 00:00,731603.000000,113.000000,1,1,2,0.406510,0.436059,0.522304,0.600000,0.600000 
22/01/2003 00:00,731603.000000,113.000000,1,1,2,0.386919,0.385305,0.410060,0.473038,0.599425 
23/01/2003 00:00,731604.000000,114.000000,1,1,2,0.494682,0.596801,0.600000,0.600000,0.600000 
23/01/2003 00:00,731604.000000,114.000000,1,1,2,0.378736,0.391780,0.422927,0.491733,0.600000 
23/01/2003 00:00,731604.000000,114.000000,1,1,2,0.396387,0.433460,0.520977,0.600000,0.600000 
23/01/2003 00:00,731604.000000,114.000000,1,1,2,0.376141,0.385142,0.410254,0.473332,0.599641 
24/01/2003 00:00,731605.000000,115.000000,1,1,2,0.494714,0.596790,0.600000,0.600000,0.600000 
24/01/2003 00:00,731605.000000,115.000000,1,1,2,0.371962,0.390593,0.421410,0.489226,0.600000 
24/01/2003 00:00,731605.000000,115.000000,1,1,2,0.391283,0.431034,0.518848,0.600000,0.600000 
24/01/2003 00:00,731605.000000,115.000000,1,1,2,0.369260,0.384381,0.410340,0.473396,0.599667 
25/01/2003 00:00,731606.000000,116.000000,1,1,2,0.495625,0.597338,0.600000,0.600000,0.600000 
25/01/2003 00:00,731606.000000,116.000000,1,1,2,0.369280,0.389508,0.422764,0.506663,0.600000 
25/01/2003 00:00,731606.000000,116.000000,1,1,2,0.390141,0.429136,0.516261,0.600000,0.600000 
25/01/2003 00:00,731606.000000,116.000000,1,1,2,0.366396,0.383485,0.410304,0.473215,0.599542 
26/01/2003 00:00,731607.000000,117.000000,1,1,2,0.496053,0.597581,0.600000,0.600000,0.600000 
26/01/2003 00:00,731607.000000,117.000000,1,1,2,0.367853,0.388623,0.425162,0.517407,0.600000 
26/01/2003 00:00,731607.000000,117.000000,1,1,2,0.389771,0.427666,0.513962,0.600000,0.600000 
26/01/2003 00:00,731607.000000,117.000000,1,1,2,0.364789,0.382583,0.410163,0.472884,0.599305 
27/01/2003 00:00,731608.000000,118.000000,1,1,2,0.496220,0.597629,0.600000,0.600000,0.600000 
27/01/2003 00:00,731608.000000,118.000000,1,1,2,0.367183,0.387869,0.426370,0.516005,0.600000 
27/01/2003 00:00,731608.000000,118.000000,1,1,2,0.389799,0.426425,0.511418,0.600000,0.600000 
27/01/2003 00:00,731608.000000,118.000000,1,1,2,0.363953,0.381737,0.409928,0.472351,0.598873 
28/01/2003 00:00,731609.000000,119.000000,1,1,2,0.496863,0.598024,0.600000,0.600000,0.600000 
28/01/2003 00:00,731609.000000,119.000000,1,1,2,0.366806,0.387124,0.425483,0.507749,0.600000 
28/01/2003 00:00,731609.000000,119.000000,1,1,2,0.390929,0.425584,0.509694,0.600000,0.600000 
28/01/2003 00:00,731609.000000,119.000000,1,1,2,0.363434,0.380964,0.409661,0.472039,0.598631 
29/01/2003 00:00,731610.000000,120.000000,1,1,2,0.498036,0.598782,0.600000,0.600000,0.600000 
29/01/2003 00:00,731610.000000,120.000000,1,1,2,0.369518,0.386570,0.423155,0.496692,0.600000 
29/01/2003 00:00,731610.000000,120.000000,1,1,2,0.393328,0.425232,0.508749,0.600000,0.600000 
29/01/2003 00:00,731610.000000,120.000000,1,1,2,0.365896,0.380482,0.409476,0.472459,0.599072 
30/01/2003 00:00,731611.000000,121.000000,1,1,2,0.499712,0.599628,0.600000,0.600000,0.600000 
30/01/2003 00:00,731611.000000,121.000000,1,1,2,0.374045,0.386344,0.420717,0.488063,0.600000 
30/01/2003 00:00,731611.000000,121.000000,1,1,2,0.397185,0.425387,0.508240,0.600000,0.600000 
30/01/2003 00:00,731611.000000,121.000000,1,1,2,0.370538,0.380405,0.409286,0.472195,0.598795 
31/01/2003 00:00,731612.000000,122.000000,1,1,2,0.503229,0.600000,0.600000,0.600000,0.600000 
31/01/2003 00:00,731612.000000,122.000000,1,1,2,0.384412,0.386947,0.419976,0.491342,0.600000 
31/01/2003 00:00,731612.000000,122.000000,1,1,2,0.405902,0.426388,0.507969,0.600000,0.600000 
31/01/2003 00:00,731612.000000,122.000000,1,1,2,0.381158,0.381075,0.409112,0.471447,0.598054 
01/02/2003 00:00,731613.000000,123.000000,1,1,2,0.510019,0.600000,0.600000,0.600000,0.600000 
01/02/2003 00:00,731613.000000,123.000000,1,1,2,0.404996,0.389145,0.422251,0.510973,0.600000 
01/02/2003 00:00,731613.000000,123.000000,1,1,2,0.423056,0.428894,0.508536,0.600000,0.600000 
01/02/2003 00:00,731613.000000,123.000000,1,1,2,0.402209,0.383085,0.409146,0.471353,0.598038 
02/02/2003 00:00,731614.000000,124.000000,1,1,2,0.565899,0.600000,0.600000,0.600000,0.600000 
02/02/2003 00:00,731614.000000,124.000000,1,1,2,0.569721,0.399779,0.425582,0.516735,0.600000 
02/02/2003 00:00,731614.000000,124.000000,1,1,2,0.568709,0.444288,0.518461,0.600000,0.600000 
02/02/2003 00:00,731614.000000,124.000000,1,1,2,0.569035,0.392825,0.409925,0.471642,0.598338 
03/02/2003 00:00,731615.000000,125.000000,1,1,2,0.559099,0.600000,0.600000,0.600000,0.600000 
03/02/2003 00:00,731615.000000,125.000000,1,1,2,0.492860,0.470271,0.430991,0.513255,0.600000 
03/02/2003 00:00,731615.000000,125.000000,1,1,2,0.479085,0.482365,0.544072,0.600000,0.600000 
03/02/2003 00:00,731615.000000,125.000000,1,1,2,0.453818,0.449936,0.414035,0.472505,0.598996 
04/02/2003 00:00,731616.000000,126.000000,1,1,2,0.557492,0.600000,0.600000,0.600000,0.600000 
04/02/2003 00:00,731616.000000,126.000000,1,1,2,0.452558,0.467608,0.441807,0.507988,0.600000 
04/02/2003 00:00,731616.000000,126.000000,1,1,2,0.447336,0.475600,0.565896,0.600000,0.600000 
04/02/2003 00:00,731616.000000,126.000000,1,1,2,0.432672,0.446262,0.423105,0.474698,0.600000 
05/02/2003 00:00,731617.000000,127.000000,1,1,2,0.552475,0.600000,0.600000,0.600000,0.600000 
05/02/2003 00:00,731617.000000,127.000000,1,1,2,0.432362,0.457818,0.446899,0.502261,0.600000 
05/02/2003 00:00,731617.000000,127.000000,1,1,2,0.431668,0.467667,0.577367,0.600000,0.600000 
05/02/2003 00:00,731617.000000,127.000000,1,1,2,0.419945,0.440511,0.428975,0.477571,0.600000 
06/02/2003 00:00,731618.000000,128.000000,1,1,2,0.548679,0.600000,0.600000,0.600000,0.600000 
06/02/2003 00:00,731618.000000,128.000000,1,1,2,0.420212,0.448209,0.448690,0.503393,0.600000 
06/02/2003 00:00,731618.000000,128.000000,1,1,2,0.423404,0.463993,0.582786,0.600000,0.600000 
06/02/2003 00:00,731618.000000,128.000000,1,1,2,0.411259,0.434582,0.432602,0.483915,0.600000 
07/02/2003 00:00,731619.000000,129.000000,1,1,2,0.545940,0.600000,0.600000,0.600000,0.600000 
07/02/2003 00:00,731619.000000,129.000000,1,1,2,0.411952,0.440230,0.451088,0.524094,0.600000 
07/02/2003 00:00,731619.000000,129.000000,1,1,2,0.418767,0.462930,0.585107,0.600000,0.600000 
07/02/2003 00:00,731619.000000,129.000000,1,1,2,0.404792,0.429023,0.434458,0.490682,0.600000 
08/02/2003 00:00,731620.000000,130.000000,1,1,2,0.556409,0.600000,0.600000,0.600000,0.600000 
08/02/2003 00:00,731620.000000,130.000000,1,1,2,0.422810,0.436186,0.451957,0.539462,0.600000 
08/02/2003 00:00,731620.000000,130.000000,1,1,2,0.432412,0.465652,0.589622,0.600000,0.600000 
08/02/2003 00:00,731620.000000,130.000000,1,1,2,0.417527,0.426491,0.435186,0.495485,0.600000 
09/02/2003 00:00,731621.000000,131.000000,1,1,2,0.557350,0.600000,0.600000,0.600000,0.600000 
09/02/2003 00:00,731621.000000,131.000000,1,1,2,0.427968,0.433965,0.451385,0.544584,0.600000 
09/02/2003 00:00,731621.000000,131.000000,1,1,2,0.437818,0.469074,0.594295,0.600000,0.600000 
09/02/2003 00:00,731621.000000,131.000000,1,1,2,0.424488,0.425614,0.435562,0.499191,0.600000 
10/02/2003 00:00,731622.000000,132.000000,1,1,2,0.557105,0.600000,0.600000,0.600000,0.600000 
10/02/2003 00:00,731622.000000,132.000000,1,1,2,0.424795,0.431854,0.449750,0.542774,0.600000 
10/02/2003 00:00,731622.000000,132.000000,1,1,2,0.435871,0.471903,0.597829,0.600000,0.600000 
10/02/2003 00:00,731622.000000,132.000000,1,1,2,0.422391,0.424868,0.435749,0.501728,0.600000 
11/02/2003 00:00,731623.000000,133.000000,1,1,2,0.556851,0.600000,0.600000,0.600000,0.600000 
11/02/2003 00:00,731623.000000,133.000000,1,1,2,0.447305,0.432863,0.448732,0.541224,0.600000 
11/02/2003 00:00,731623.000000,133.000000,1,1,2,0.455018,0.478517,0.600000,0.600000,0.600000 
11/02/2003 00:00,731623.000000,133.000000,1,1,2,0.446345,0.426819,0.436071,0.503502,0.600000 
12/02/2003 00:00,731624.000000,134.000000,1,1,2,0.556584,0.600000,0.600000,0.600000,0.600000 
12/02/2003 00:00,731624.000000,134.000000,1,1,2,0.443794,0.434801,0.450177,0.547834,0.600000 
12/02/2003 00:00,731624.000000,134.000000,1,1,2,0.451264,0.485014,0.600000,0.600000,0.600000 
12/02/2003 00:00,731624.000000,134.000000,1,1,2,0.443711,0.429642,0.436736,0.504952,0.600000 
13/02/2003 00:00,731625.000000,135.000000,1,1,2,0.556302,0.600000,0.600000,0.600000,0.600000 
13/02/2003 00:00,731625.000000,135.000000,1,1,2,0.438138,0.435567,0.453230,0.558669,0.600000 
13/02/2003 00:00,731625.000000,135.000000,1,1,2,0.446830,0.489085,0.600000,0.600000,0.600000 
13/02/2003 00:00,731625.000000,135.000000,1,1,2,0.438415,0.431123,0.437613,0.506466,0.600000 
14/02/2003 00:00,731626.000000,136.000000,1,1,2,0.556006,0.600000,0.600000,0.600000,0.600000 
14/02/2003 00:00,731626.000000,136.000000,1,1,2,0.428303,0.434613,0.456831,0.569272,0.600000 
14/02/2003 00:00,731626.000000,136.000000,1,1,2,0.440767,0.491847,0.600000,0.600000,0.600000 
14/02/2003 00:00,731626.000000,136.000000,1,1,2,0.428542,0.430698,0.438426,0.508341,0.600000 
15/02/2003 00:00,731627.000000,137.000000,1,1,2,0.555694,0.600000,0.600000,0.600000,0.600000 
15/02/2003 00:00,731627.000000,137.000000,1,1,2,0.422740,0.432773,0.460086,0.577277,0.600000 
15/02/2003 00:00,731627.000000,137.000000,1,1,2,0.439514,0.495335,0.600000,0.600000,0.600000 
15/02/2003 00:00,731627.000000,137.000000,1,1,2,0.422898,0.429183,0.438981,0.510508,0.600000 
16/02/2003 00:00,731628.000000,138.000000,1,1,2,0.555368,0.600000,0.600000,0.600000,0.600000 
16/02/2003 00:00,731628.000000,138.000000,1,1,2,0.423134,0.431180,0.462005,0.581101,0.600000 
16/02/2003 00:00,731628.000000,138.000000,1,1,2,0.442772,0.499644,0.600000,0.600000,0.600000 
16/02/2003 00:00,731628.000000,138.000000,1,1,2,0.423331,0.427851,0.439273,0.512549,0.600000 
17/02/2003 00:00,731629.000000,139.000000,1,1,2,0.555028,0.600000,0.600000,0.600000,0.600000 
17/02/2003 00:00,731629.000000,139.000000,1,1,2,0.427943,0.430488,0.462863,0.582576,0.600000 
17/02/2003 00:00,731629.000000,139.000000,1,1,2,0.448424,0.505211,0.600000,0.600000,0.600000 
17/02/2003 00:00,731629.000000,139.000000,1,1,2,0.428302,0.427411,0.439420,0.514080,0.600000 
18/02/2003 00:00,731630.000000,140.000000,1,1,2,0.554673,0.600000,0.600000,0.600000,0.600000 
18/02/2003 00:00,731630.000000,140.000000,1,1,2,0.478331,0.435201,0.464146,0.584620,0.600000 
18/02/2003 00:00,731630.000000,140.000000,1,1,2,0.484281,0.523284,0.600000,0.600000,0.600000 
18/02/2003 00:00,731630.000000,140.000000,1,1,2,0.479270,0.432322,0.440032,0.515397,0.600000 
19/02/2003 00:00,731631.000000,141.000000,1,1,2,0.554303,0.600000,0.600000,0.600000,0.600000 
19/02/2003 00:00,731631.000000,141.000000,1,1,2,0.460598,0.442251,0.466479,0.588213,0.600000 
19/02/2003 00:00,731631.000000,141.000000,1,1,2,0.472578,0.537917,0.600000,0.600000,0.600000 
19/02/2003 00:00,731631.000000,141.000000,1,1,2,0.461224,0.440139,0.441705,0.517604,0.600000 
20/02/2003 00:00,731632.000000,142.000000,1,1,2,0.553917,0.600000,0.600000,0.600000,0.600000 
20/02/2003 00:00,731632.000000,142.000000,1,1,2,0.477340,0.447957,0.469706,0.592982,0.600000 
20/02/2003 00:00,731632.000000,142.000000,1,1,2,0.484581,0.557247,0.600000,0.600000,0.600000 
20/02/2003 00:00,731632.000000,142.000000,1,1,2,0.478300,0.446412,0.444388,0.521219,0.600000 
21/02/2003 00:00,731633.000000,143.000000,1,1,2,0.553519,0.600000,0.600000,0.600000,0.600000 
21/02/2003 00:00,731633.000000,143.000000,1,1,2,0.457049,0.451378,0.473461,0.597793,0.600000 
21/02/2003 00:00,731633.000000,143.000000,1,1,2,0.478924,0.568003,0.600000,0.600000,0.600000 
21/02/2003 00:00,731633.000000,143.000000,1,1,2,0.457850,0.450498,0.447572,0.526150,0.600000 
22/02/2003 00:00,731634.000000,144.000000,1,1,2,0.553108,0.600000,0.600000,0.600000,0.600000 
22/02/2003 00:00,731634.000000,144.000000,1,1,2,0.445963,0.450365,0.477617,0.600000,0.600000 
22/02/2003 00:00,731634.000000,144.000000,1,1,2,0.481664,0.576619,0.600000,0.600000,0.600000 
22/02/2003 00:00,731634.000000,144.000000,1,1,2,0.446557,0.449688,0.450374,0.531838,0.600000 
23/02/2003 00:00,731635.000000,145.000000,1,1,2,0.552680,0.600000,0.600000,0.600000,0.600000 
23/02/2003 00:00,731635.000000,145.000000,1,1,2,0.428727,0.446062,0.481115,0.600000,0.600000 
23/02/2003 00:00,731635.000000,145.000000,1,1,2,0.480933,0.579124,0.600000,0.600000,0.600000 
23/02/2003 00:00,731635.000000,145.000000,1,1,2,0.429015,0.445224,0.451930,0.537415,0.600000 
24/02/2003 00:00,731636.000000,146.000000,1,1,2,0.552239,0.600000,0.600000,0.600000,0.600000 
24/02/2003 00:00,731636.000000,146.000000,1,1,2,0.445090,0.444763,0.483485,0.600000,0.600000 
24/02/2003 00:00,731636.000000,146.000000,1,1,2,0.495583,0.593356,0.600000,0.600000,0.600000 
24/02/2003 00:00,731636.000000,146.000000,1,1,2,0.445405,0.443832,0.452725,0.542510,0.600000 
25/02/2003 00:00,731637.000000,147.000000,1,1,2,0.551790,0.600000,0.600000,0.600000,0.600000 
25/02/2003 00:00,731637.000000,147.000000,1,1,2,0.454941,0.445794,0.485857,0.600000,0.600000 
25/02/2003 00:00,731637.000000,147.000000,1,1,2,0.507485,0.600000,0.600000,0.600000,0.600000 
25/02/2003 00:00,731637.000000,147.000000,1,1,2,0.455256,0.444901,0.453672,0.547476,0.600000 
26/02/2003 00:00,731638.000000,148.000000,1,1,2,0.551333,0.600000,0.600000,0.600000,0.600000 
26/02/2003 00:00,731638.000000,148.000000,1,1,2,0.439679,0.444927,0.487933,0.600000,0.600000 
26/02/2003 00:00,731638.000000,148.000000,1,1,2,0.508430,0.600000,0.600000,0.600000,0.600000 
26/02/2003 00:00,731638.000000,148.000000,1,1,2,0.439920,0.444045,0.454760,0.552417,0.600000 
27/02/2003 00:00,731639.000000,149.000000,1,1,2,0.550864,0.600000,0.600000,0.600000,0.600000 
27/02/2003 00:00,731639.000000,149.000000,1,1,2,0.436892,0.443092,0.489053,0.600000,0.600000 
27/02/2003 00:00,731639.000000,149.000000,1,1,2,0.514732,0.600000,0.600000,0.600000,0.600000 
27/02/2003 00:00,731639.000000,149.000000,1,1,2,0.437075,0.442179,0.455753,0.557243,0.600000 
28/02/2003 00:00,731640.000000,150.000000,1,1,2,0.550387,0.600000,0.600000,0.600000,0.600000 
28/02/2003 00:00,731640.000000,150.000000,1,1,2,0.431287,0.440696,0.488774,0.600000,0.600000 
28/02/2003 00:00,731640.000000,150.000000,1,1,2,0.517549,0.600000,0.600000,0.600000,0.600000 
28/02/2003 00:00,731640.000000,150.000000,1,1,2,0.431400,0.439781,0.456613,0.561728,0.600000 
01/03/2003 00:00,731641.000000,151.000000,1,1,2,0.549903,0.600000,0.600000,0.600000,0.600000 
01/03/2003 00:00,731641.000000,151.000000,1,1,2,0.468973,0.443170,0.489128,0.600000,0.600000 
01/03/2003 00:00,731641.000000,151.000000,1,1,2,0.550205,0.600000,0.600000,0.600000,0.600000 
01/03/2003 00:00,731641.000000,151.000000,1,1,2,0.469382,0.442475,0.457954,0.566262,0.600000 
02/03/2003 00:00,731642.000000,152.000000,1,1,2,0.549414,0.600000,0.600000,0.600000,0.600000 
02/03/2003 00:00,731642.000000,152.000000,1,1,2,0.454944,0.446580,0.493393,0.600000,0.600000 
02/03/2003 00:00,731642.000000,152.000000,1,1,2,0.550532,0.600000,0.600000,0.600000,0.600000 
02/03/2003 00:00,731642.000000,152.000000,1,1,2,0.455307,0.445846,0.460043,0.571424,0.600000 
03/03/2003 00:00,731643.000000,153.000000,1,1,2,0.548916,0.600000,0.600000,0.600000,0.600000 
03/03/2003 00:00,731643.000000,153.000000,1,1,2,0.447931,0.447084,0.497557,0.600000,0.600000 
03/03/2003 00:00,731643.000000,153.000000,1,1,2,0.556036,0.600000,0.600000,0.600000,0.600000 
03/03/2003 00:00,731643.000000,153.000000,1,1,2,0.448217,0.446249,0.462453,0.577123,0.600000 
04/03/2003 00:00,731644.000000,154.000000,1,1,2,0.548411,0.600000,0.600000,0.600000,0.600000 
04/03/2003 00:00,731644.000000,154.000000,1,1,2,0.441290,0.445978,0.500232,0.600000,0.600000 
04/03/2003 00:00,731644.000000,154.000000,1,1,2,0.555575,0.600000,0.600000,0.600000,0.600000 
04/03/2003 00:00,731644.000000,154.000000,1,1,2,0.441539,0.445109,0.464758,0.582656,0.600000 
05/03/2003 00:00,731645.000000,155.000000,1,1,2,0.547897,0.600000,0.600000,0.600000,0.600000 
05/03/2003 00:00,731645.000000,155.000000,1,1,2,0.435957,0.444036,0.501497,0.600000,0.600000 
05/03/2003 00:00,731645.000000,155.000000,1,1,2,0.555105,0.600000,0.600000,0.600000,0.600000 
05/03/2003 00:00,731645.000000,155.000000,1,1,2,0.436163,0.443107,0.466851,0.587535,0.600000 
06/03/2003 00:00,731646.000000,156.000000,1,1,2,0.547376,0.600000,0.600000,0.600000,0.600000 
06/03/2003 00:00,731646.000000,156.000000,1,1,2,0.437499,0.442599,0.501780,0.600000,0.600000 
06/03/2003 00:00,731646.000000,156.000000,1,1,2,0.554627,0.600000,0.600000,0.600000,0.600000 
06/03/2003 00:00,731646.000000,156.000000,1,1,2,0.437698,0.441619,0.468814,0.591606,0.600000 
07/03/2003 00:00,731647.000000,157.000000,1,1,2,0.546848,0.600000,0.600000,0.600000,0.600000 
07/03/2003 00:00,731647.000000,157.000000,1,1,2,0.443119,0.442182,0.501065,0.600000,0.600000 
07/03/2003 00:00,731647.000000,157.000000,1,1,2,0.554139,0.600000,0.600000,0.600000,0.600000 
07/03/2003 00:00,731647.000000,157.000000,1,1,2,0.443373,0.441345,0.470873,0.595100,0.600000 
08/03/2003 00:00,731648.000000,158.000000,1,1,2,0.546313,0.600000,0.600000,0.600000,0.600000 
08/03/2003 00:00,731648.000000,158.000000,1,1,2,0.448428,0.442619,0.499753,0.600000,0.600000 
08/03/2003 00:00,731648.000000,158.000000,1,1,2,0.553643,0.600000,0.600000,0.600000,0.600000 
08/03/2003 00:00,731648.000000,158.000000,1,1,2,0.448804,0.442141,0.473089,0.597993,0.600000 
09/03/2003 00:00,731649.000000,159.000000,1,1,2,0.545770,0.600000,0.600000,0.600000,0.600000 
09/03/2003 00:00,731649.000000,159.000000,1,1,2,0.452639,0.443604,0.498148,0.600000,0.600000 
09/03/2003 00:00,731649.000000,159.000000,1,1,2,0.553138,0.600000,0.600000,0.600000,0.600000 
09/03/2003 00:00,731649.000000,159.000000,1,1,2,0.453151,0.443659,0.475506,0.599961,0.600000 
10/03/2003 00:00,731650.000000,160.000000,1,1,2,0.545221,0.600000,0.600000,0.600000,0.600000 
10/03/2003 00:00,731650.000000,160.000000,1,1,2,0.462108,0.446047,0.499031,0.600000,0.600000 
10/03/2003 00:00,731650.000000,160.000000,1,1,2,0.552624,0.600000,0.600000,0.600000,0.600000 
10/03/2003 00:00,731650.000000,160.000000,1,1,2,0.462624,0.446338,0.477933,0.600000,0.600000 
11/03/2003 00:00,731651.000000,161.000000,1,1,2,0.544665,0.600000,0.600000,0.600000,0.600000 
11/03/2003 00:00,731651.000000,161.000000,1,1,2,0.477394,0.451097,0.504561,0.600000,0.600000 
11/03/2003 00:00,731651.000000,161.000000,1,1,2,0.552103,0.600000,0.600000,0.600000,0.600000 
11/03/2003 00:00,731651.000000,161.000000,1,1,2,0.477810,0.451355,0.482147,0.600000,0.600000 
12/03/2003 00:00,731652.000000,162.000000,1,1,2,0.544104,0.600000,0.600000,0.600000,0.600000 
12/03/2003 00:00,731652.000000,162.000000,1,1,2,0.485050,0.457583,0.511360,0.600000,0.600000 
12/03/2003 00:00,731652.000000,162.000000,1,1,2,0.551574,0.600000,0.600000,0.600000,0.600000 
12/03/2003 00:00,731652.000000,162.000000,1,1,2,0.485574,0.458162,0.487640,0.600000,0.600000 
13/03/2003 00:00,731653.000000,163.000000,1,1,2,0.543539,0.600000,0.600000,0.600000,0.600000 
13/03/2003 00:00,731653.000000,163.000000,1,1,2,0.487698,0.463628,0.518774,0.600000,0.600000 
13/03/2003 00:00,731653.000000,163.000000,1,1,2,0.551040,0.600000,0.600000,0.600000,0.600000 
13/03/2003 00:00,731653.000000,163.000000,1,1,2,0.488474,0.465134,0.495425,0.600000,0.600000 
14/03/2003 00:00,731654.000000,164.000000,1,1,2,0.542971,0.600000,0.600000,0.600000,0.600000 
14/03/2003 00:00,731654.000000,164.000000,1,1,2,0.487801,0.468087,0.526417,0.600000,0.600000 
14/03/2003 00:00,731654.000000,164.000000,1,1,2,0.550501,0.600000,0.600000,0.600000,0.600000 
14/03/2003 00:00,731654.000000,164.000000,1,1,2,0.488693,0.470886,0.505079,0.600000,0.600000 
15/03/2003 00:00,731655.000000,165.000000,1,1,2,0.542403,0.600000,0.600000,0.600000,0.600000 
15/03/2003 00:00,731655.000000,165.000000,1,1,2,0.487060,0.470912,0.534854,0.600000,0.600000 
15/03/2003 00:00,731655.000000,165.000000,1,1,2,0.549961,0.600000,0.600000,0.600000,0.600000 
15/03/2003 00:00,731655.000000,165.000000,1,1,2,0.487764,0.474939,0.516898,0.600000,0.600000 
16/03/2003 00:00,731656.000000,166.000000,1,1,2,0.541839,0.600000,0.600000,0.600000,0.600000 
16/03/2003 00:00,731656.000000,166.000000,1,1,2,0.486608,0.472521,0.544293,0.600000,0.600000 
16/03/2003 00:00,731656.000000,166.000000,1,1,2,0.549422,0.600000,0.600000,0.600000,0.600000 
16/03/2003 00:00,731656.000000,166.000000,1,1,2,0.486839,0.477335,0.530787,0.600000,0.600000 
17/03/2003 00:00,731657.000000,167.000000,1,1,2,0.541300,0.600000,0.600000,0.600000,0.600000 
17/03/2003 00:00,731657.000000,167.000000,1,1,2,0.551415,0.491308,0.563348,0.600000,0.600000 
17/03/2003 00:00,731657.000000,167.000000,1,1,2,0.548895,0.600000,0.600000,0.600000,0.600000 
17/03/2003 00:00,731657.000000,167.000000,1,1,2,0.549847,0.499749,0.559130,0.600000,0.600000 
18/03/2003 00:00,731658.000000,168.000000,1,1,2,0.516170,0.600000,0.600000,0.600000,0.600000 
18/03/2003 00:00,731658.000000,168.000000,1,1,2,0.537325,0.531117,0.600000,0.600000,0.600000 
18/03/2003 00:00,731658.000000,168.000000,1,1,2,0.526591,0.600000,0.600000,0.600000,0.600000 
18/03/2003 00:00,731658.000000,168.000000,1,1,2,0.536560,0.548389,0.600000,0.600000,0.600000 
19/03/2003 00:00,731659.000000,169.000000,1,1,2,0.515465,0.600000,0.600000,0.600000,0.600000 
19/03/2003 00:00,731659.000000,169.000000,1,1,2,0.524989,0.556648,0.600000,0.600000,0.600000 
19/03/2003 00:00,731659.000000,169.000000,1,1,2,0.525918,0.600000,0.600000,0.600000,0.600000 
19/03/2003 00:00,731659.000000,169.000000,1,1,2,0.493613,0.564996,0.600000,0.600000,0.600000 
20/03/2003 00:00,731660.000000,170.000000,1,1,2,0.514818,0.600000,0.600000,0.600000,0.600000 
20/03/2003 00:00,731660.000000,170.000000,1,1,2,0.536059,0.600000,0.600000,0.600000,0.600000 
20/03/2003 00:00,731660.000000,170.000000,1,1,2,0.525295,0.600000,0.600000,0.600000,0.600000 
20/03/2003 00:00,731660.000000,170.000000,1,1,2,0.535307,0.600000,0.600000,0.600000,0.600000 
21/03/2003 00:00,731661.000000,171.000000,1,1,2,0.514133,0.600000,0.600000,0.600000,0.600000 
21/03/2003 00:00,731661.000000,171.000000,1,1,2,0.535406,0.600000,0.600000,0.600000,0.600000 
21/03/2003 00:00,731661.000000,171.000000,1,1,2,0.524635,0.600000,0.600000,0.600000,0.600000 
21/03/2003 00:00,731661.000000,171.000000,1,1,2,0.534639,0.600000,0.600000,0.600000,0.600000 
22/03/2003 00:00,731662.000000,172.000000,1,1,2,0.513438,0.600000,0.600000,0.600000,0.600000 
22/03/2003 00:00,731662.000000,172.000000,1,1,2,0.534744,0.600000,0.600000,0.600000,0.600000 
22/03/2003 00:00,731662.000000,172.000000,1,1,2,0.523964,0.600000,0.600000,0.600000,0.600000 
22/03/2003 00:00,731662.000000,172.000000,1,1,2,0.527430,0.600000,0.600000,0.600000,0.600000 
23/03/2003 00:00,731663.000000,173.000000,1,1,2,0.512721,0.600000,0.600000,0.600000,0.600000 
23/03/2003 00:00,731663.000000,173.000000,1,1,2,0.526022,0.600000,0.600000,0.600000,0.600000 
23/03/2003 00:00,731663.000000,173.000000,1,1,2,0.523271,0.600000,0.600000,0.600000,0.600000 
23/03/2003 00:00,731663.000000,173.000000,1,1,2,0.533281,0.600000,0.600000,0.600000,0.600000 
24/03/2003 00:00,731664.000000,174.000000,1,1,2,0.511987,0.600000,0.600000,0.600000,0.600000 
24/03/2003 00:00,731664.000000,174.000000,1,1,2,0.533368,0.600000,0.600000,0.600000,0.600000 
24/03/2003 00:00,731664.000000,174.000000,1,1,2,0.522560,0.600000,0.600000,0.600000,0.600000 
24/03/2003 00:00,731664.000000,174.000000,1,1,2,0.532570,0.600000,0.600000,0.600000,0.600000 
