Date12[DDMMYYYYhhmm],JulianDayFromYear0[days],TimeFromStart[days],Simulation_Period,Run,IDpoint,75 ,300 ,600 ,900 ,1200  
01/10/2007 00:00,733316.000000,0.000000,1,1,4,0.190394,0.191214,0.192348,1.502998,0.194773 
01/10/2007 00:00,733316.000000,0.000000,1,1,4,0.190394,0.191213,0.192346,1.502956,0.194769 
01/10/2007 00:00,733316.000000,0.000000,1,1,4,0.190393,0.191210,0.192341,1.502839,0.194758 
02/10/2007 00:00,733317.000000,1.000000,1,1,4,0.189097,0.191210,0.192348,1.502998,0.194773 
02/10/2007 00:00,733317.000000,1.000000,1,1,4,0.189081,0.191209,0.192346,1.502956,0.194769 
02/10/2007 00:00,733317.000000,1.000000,1,1,4,0.189042,0.191207,0.192341,1.502839,0.194758 
03/10/2007 00:00,733318.000000,2.000000,1,1,4,0.186794,0.191201,0.192348,1.502998,0.194773 
03/10/2007 00:00,733318.000000,2.000000,1,1,4,0.186824,0.191200,0.192346,1.502956,0.194769 
03/10/2007 00:00,733318.000000,2.000000,1,1,4,0.186803,0.191198,0.192341,1.502839,0.194758 
04/10/2007 00:00,733319.000000,3.000000,1,1,4,0.184748,0.191186,0.192348,1.502998,0.194773 
04/10/2007 00:00,733319.000000,3.000000,1,1,4,0.184827,0.191186,0.192346,1.502956,0.194769 
04/10/2007 00:00,733319.000000,3.000000,1,1,4,0.184820,0.191183,0.192341,1.502839,0.194758 
05/10/2007 00:00,733320.000000,4.000000,1,1,4,0.182900,0.191167,0.192348,1.502998,0.194773 
05/10/2007 00:00,733320.000000,4.000000,1,1,4,0.183024,0.191166,0.192346,1.502956,0.194769 
05/10/2007 00:00,733320.000000,4.000000,1,1,4,0.183030,0.191164,0.192341,1.502839,0.194758 
06/10/2007 00:00,733321.000000,5.000000,1,1,4,0.180847,0.191139,0.192348,1.502998,0.194773 
06/10/2007 00:00,733321.000000,5.000000,1,1,4,0.181015,0.191139,0.192346,1.502956,0.194769 
06/10/2007 00:00,733321.000000,5.000000,1,1,4,0.181034,0.191137,0.192341,1.502839,0.194758 
07/10/2007 00:00,733322.000000,6.000000,1,1,4,0.178632,0.191106,0.192336,1.435000,0.194740 
07/10/2007 00:00,733322.000000,6.000000,1,1,4,0.178837,0.191107,0.192335,1.438321,0.194738 
07/10/2007 00:00,733322.000000,6.000000,1,1,4,0.178869,0.191105,0.192330,1.439646,0.194728 
08/10/2007 00:00,733323.000000,7.000000,1,1,4,0.176710,0.191066,0.192335,1.503041,0.194740 
08/10/2007 00:00,733323.000000,7.000000,1,1,4,0.176940,0.191069,0.192334,1.502997,0.194739 
08/10/2007 00:00,733323.000000,7.000000,1,1,4,0.176979,0.191067,0.192330,1.502880,0.194728 
09/10/2007 00:00,733324.000000,8.000000,1,1,4,0.175046,0.191024,0.192330,1.476466,0.194729 
09/10/2007 00:00,733324.000000,8.000000,1,1,4,0.175298,0.191027,0.192328,1.471415,0.194725 
09/10/2007 00:00,733324.000000,8.000000,1,1,4,0.175343,0.191025,0.192323,1.469022,0.194713 
10/10/2007 00:00,733325.000000,9.000000,1,1,4,0.173338,0.190971,0.192330,1.503057,0.194729 
10/10/2007 00:00,733325.000000,9.000000,1,1,4,0.173623,0.190976,0.192328,1.503016,0.194725 
10/10/2007 00:00,733325.000000,9.000000,1,1,4,0.173679,0.190974,0.192323,1.502900,0.194714 
11/10/2007 00:00,733326.000000,10.000000,1,1,4,0.171770,0.190915,0.192314,1.412211,0.194684 
11/10/2007 00:00,733326.000000,10.000000,1,1,4,0.172094,0.190921,0.192314,1.421058,0.194685 
11/10/2007 00:00,733326.000000,10.000000,1,1,4,0.172164,0.190920,0.192309,1.424771,0.194676 
12/10/2007 00:00,733327.000000,11.000000,1,1,4,0.170472,0.190855,0.192313,1.503116,0.194685 
12/10/2007 00:00,733327.000000,11.000000,1,1,4,0.170810,0.190862,0.192313,1.503069,0.194686 
12/10/2007 00:00,733327.000000,11.000000,1,1,4,0.170887,0.190861,0.192308,1.502949,0.194677 
13/10/2007 00:00,733328.000000,12.000000,1,1,4,0.170075,0.190796,0.192312,1.503115,0.194686 
13/10/2007 00:00,733328.000000,12.000000,1,1,4,0.170444,0.190807,0.192312,1.503068,0.194687 
13/10/2007 00:00,733328.000000,12.000000,1,1,4,0.170520,0.190806,0.192307,1.498009,0.194676 
14/10/2007 00:00,733329.000000,13.000000,1,1,4,0.170194,0.190741,0.192311,1.503114,0.194686 
14/10/2007 00:00,733329.000000,13.000000,1,1,4,0.170511,0.190750,0.192311,1.503067,0.194688 
14/10/2007 00:00,733329.000000,13.000000,1,1,4,0.170587,0.190750,0.192306,1.502950,0.194677 
15/10/2007 00:00,733330.000000,14.000000,1,1,4,0.169688,0.190687,0.192307,1.483850,0.194679 
15/10/2007 00:00,733330.000000,14.000000,1,1,4,0.169914,0.190693,0.192291,1.386555,0.194628 
15/10/2007 00:00,733330.000000,14.000000,1,1,4,0.169994,0.190693,0.192286,1.387027,0.194618 
16/10/2007 00:00,733331.000000,15.000000,1,1,4,0.168909,0.190625,0.192306,1.503124,0.194680 
16/10/2007 00:00,733331.000000,15.000000,1,1,4,0.169214,0.190637,0.192289,1.497013,0.194627 
16/10/2007 00:00,733331.000000,15.000000,1,1,4,0.169301,0.190638,0.192284,1.496894,0.194616 
17/10/2007 00:00,733332.000000,16.000000,1,1,4,0.168012,0.190562,0.192291,1.418639,0.194640 
17/10/2007 00:00,733332.000000,16.000000,1,1,4,0.168328,0.190573,0.192288,1.503145,0.194629 
17/10/2007 00:00,733332.000000,16.000000,1,1,4,0.168423,0.190574,0.192283,1.503028,0.194618 
18/10/2007 00:00,733333.000000,17.000000,1,1,4,0.166949,0.190496,0.192289,1.503176,0.194641 
18/10/2007 00:00,733333.000000,17.000000,1,1,4,0.167231,0.190507,0.192272,1.409996,0.194585 
18/10/2007 00:00,733333.000000,17.000000,1,1,4,0.167332,0.190509,0.192266,1.410221,0.194575 
19/10/2007 00:00,733334.000000,18.000000,1,1,4,0.166009,0.190426,0.192288,1.503174,0.194642 
19/10/2007 00:00,733334.000000,18.000000,1,1,4,0.166320,0.190441,0.192270,1.503201,0.194587 
19/10/2007 00:00,733334.000000,18.000000,1,1,4,0.166428,0.190443,0.192265,1.503084,0.194576 
20/10/2007 00:00,733335.000000,19.000000,1,1,4,0.165454,0.190355,0.192284,1.487854,0.194637 
20/10/2007 00:00,733335.000000,19.000000,1,1,4,0.166377,0.190370,0.192269,1.503199,0.194589 
20/10/2007 00:00,733335.000000,19.000000,1,1,4,0.166498,0.190373,0.192263,1.503082,0.194578 
21/10/2007 00:00,733336.000000,20.000000,1,1,4,0.164546,0.190276,0.192282,1.503180,0.194638 
21/10/2007 00:00,733336.000000,20.000000,1,1,4,0.165446,0.190297,0.192254,1.421626,0.194552 
21/10/2007 00:00,733336.000000,20.000000,1,1,4,0.165571,0.190301,0.192249,1.421010,0.194542 
22/10/2007 00:00,733337.000000,21.000000,1,1,4,0.163696,0.190198,0.192267,1.422172,0.194602 
22/10/2007 00:00,733337.000000,21.000000,1,1,4,0.164634,0.190227,0.192252,1.503246,0.194554 
22/10/2007 00:00,733337.000000,21.000000,1,1,4,0.164765,0.190232,0.192247,1.503129,0.194543 
23/10/2007 00:00,733338.000000,22.000000,1,1,4,0.163069,0.190120,0.192265,1.503228,0.194603 
23/10/2007 00:00,733338.000000,22.000000,1,1,4,0.164015,0.190152,0.192250,1.503243,0.194556 
23/10/2007 00:00,733338.000000,22.000000,1,1,4,0.164149,0.190157,0.192245,1.503126,0.194545 
24/10/2007 00:00,733339.000000,23.000000,1,1,4,0.163234,0.190041,0.192262,1.503225,0.194605 
24/10/2007 00:00,733339.000000,23.000000,1,1,4,0.164162,0.190079,0.192241,1.459227,0.194539 
24/10/2007 00:00,733339.000000,23.000000,1,1,4,0.164295,0.190085,0.192235,1.454964,0.194526 
25/10/2007 00:00,733340.000000,24.000000,1,1,4,0.163392,0.189965,0.192254,1.467972,0.194591 
25/10/2007 00:00,733340.000000,24.000000,1,1,4,0.164314,0.190006,0.192239,1.503265,0.194541 
25/10/2007 00:00,733340.000000,24.000000,1,1,4,0.164445,0.190013,0.192233,1.503150,0.194528 
26/10/2007 00:00,733341.000000,25.000000,1,1,4,0.162583,0.189882,0.192251,1.503242,0.194593 
26/10/2007 00:00,733341.000000,25.000000,1,1,4,0.163541,0.189932,0.192233,1.483833,0.194534 
26/10/2007 00:00,733341.000000,25.000000,1,1,4,0.163686,0.189940,0.192229,1.491137,0.194525 
27/10/2007 00:00,733342.000000,26.000000,1,1,4,0.161969,0.189800,0.192242,1.463892,0.194577 
27/10/2007 00:00,733342.000000,26.000000,1,1,4,0.162906,0.189853,0.192231,1.503271,0.194537 
27/10/2007 00:00,733342.000000,26.000000,1,1,4,0.163051,0.189861,0.192226,1.503152,0.194528 
28/10/2007 00:00,733343.000000,27.000000,1,1,4,0.161503,0.189717,0.192239,1.503262,0.194579 
28/10/2007 00:00,733343.000000,27.000000,1,1,4,0.162437,0.189775,0.192218,1.442655,0.194512 
28/10/2007 00:00,733343.000000,27.000000,1,1,4,0.162577,0.189783,0.192212,1.430878,0.194497 
29/10/2007 00:00,733344.000000,28.000000,1,1,4,0.161670,0.189637,0.192232,1.474837,0.194568 
29/10/2007 00:00,733344.000000,28.000000,1,1,4,0.162595,0.189699,0.192216,1.503302,0.194514 
29/10/2007 00:00,733344.000000,28.000000,1,1,4,0.162731,0.189709,0.192210,1.503191,0.194499 
30/10/2007 00:00,733345.000000,29.000000,1,1,4,0.161842,0.189554,0.192228,1.503274,0.194570 
30/10/2007 00:00,733345.000000,29.000000,1,1,4,0.162750,0.189625,0.192213,1.503300,0.194516 
30/10/2007 00:00,733345.000000,29.000000,1,1,4,0.162890,0.189633,0.192207,1.503188,0.194501 
31/10/2007 00:00,733346.000000,30.000000,1,1,4,0.161231,0.189473,0.192218,1.457583,0.194552 
31/10/2007 00:00,733346.000000,30.000000,1,1,4,0.162160,0.189547,0.192210,1.503297,0.194518 
31/10/2007 00:00,733346.000000,30.000000,1,1,4,0.162304,0.189558,0.192199,1.474562,0.194491 
01/11/2007 00:00,733347.000000,31.000000,1,1,4,0.160779,0.189390,0.192214,1.503296,0.194554 
01/11/2007 00:00,733347.000000,31.000000,1,1,4,0.161737,0.189473,0.192205,1.490832,0.194515 
01/11/2007 00:00,733347.000000,31.000000,1,1,4,0.161852,0.189480,0.192196,1.503199,0.194494 
02/11/2007 00:00,733348.000000,32.000000,1,1,4,0.182071,0.189383,0.192208,1.487270,0.194549 
02/11/2007 00:00,733348.000000,32.000000,1,1,4,0.182986,0.189467,0.192201,1.503299,0.194517 
02/11/2007 00:00,733348.000000,32.000000,1,1,4,0.183073,0.189474,0.192186,1.462273,0.194478 
03/11/2007 00:00,733349.000000,33.000000,1,1,4,0.199736,0.189403,0.192205,1.503301,0.194551 
03/11/2007 00:00,733349.000000,33.000000,1,1,4,0.200631,0.189487,0.192188,1.435732,0.194490 
03/11/2007 00:00,733349.000000,33.000000,1,1,4,0.200721,0.189494,0.192183,1.503218,0.194481 
04/11/2007 00:00,733350.000000,34.000000,1,1,4,0.199690,0.189429,0.192193,1.445931,0.194528 
04/11/2007 00:00,733350.000000,34.000000,1,1,4,0.200583,0.189514,0.192185,1.503334,0.194491 
04/11/2007 00:00,733350.000000,34.000000,1,1,4,0.200672,0.189522,0.192179,1.489303,0.194477 
05/11/2007 00:00,733351.000000,35.000000,1,1,4,0.198598,0.189453,0.192190,1.503330,0.194530 
05/11/2007 00:00,733351.000000,35.000000,1,1,4,0.199536,0.189541,0.192182,1.503331,0.194494 
05/11/2007 00:00,733351.000000,35.000000,1,1,4,0.199651,0.189549,0.192176,1.503220,0.194480 
06/11/2007 00:00,733352.000000,36.000000,1,1,4,0.197640,0.189474,0.192187,1.503327,0.194532 
06/11/2007 00:00,733352.000000,36.000000,1,1,4,0.198578,0.189563,0.192174,1.465693,0.194480 
06/11/2007 00:00,733352.000000,36.000000,1,1,4,0.198683,0.189572,0.192165,1.449665,0.194459 
07/11/2007 00:00,733353.000000,37.000000,1,1,4,0.197601,0.189494,0.192184,1.503325,0.194533 
07/11/2007 00:00,733353.000000,37.000000,1,1,4,0.198538,0.189586,0.192171,1.503347,0.194483 
07/11/2007 00:00,733353.000000,37.000000,1,1,4,0.198641,0.189594,0.192162,1.503245,0.194461 
08/11/2007 00:00,733354.000000,38.000000,1,1,4,0.197566,0.189515,0.192182,1.503322,0.194535 
08/11/2007 00:00,733354.000000,38.000000,1,1,4,0.198501,0.189607,0.192168,1.495158,0.194481 
08/11/2007 00:00,733354.000000,38.000000,1,1,4,0.198603,0.189616,0.192160,1.503242,0.194463 
09/11/2007 00:00,733355.000000,39.000000,1,1,4,0.197531,0.189536,0.192171,1.452171,0.194516 
09/11/2007 00:00,733355.000000,39.000000,1,1,4,0.198462,0.189630,0.192165,1.503346,0.194484 
09/11/2007 00:00,733355.000000,39.000000,1,1,4,0.198565,0.189637,0.192156,1.492395,0.194461 
10/11/2007 00:00,733356.000000,40.000000,1,1,4,0.197497,0.189556,0.192168,1.503347,0.194517 
10/11/2007 00:00,733356.000000,40.000000,1,1,4,0.198424,0.189652,0.192155,1.450654,0.194464 
10/11/2007 00:00,733356.000000,40.000000,1,1,4,0.198526,0.189660,0.192154,1.503242,0.194464 
11/11/2007 00:00,733357.000000,41.000000,1,1,4,0.197464,0.189576,0.192166,1.503344,0.194519 
11/11/2007 00:00,733357.000000,41.000000,1,1,4,0.198387,0.189673,0.192153,1.503371,0.194466 
11/11/2007 00:00,733357.000000,41.000000,1,1,4,0.198488,0.189682,0.192144,1.456075,0.194446 
12/11/2007 00:00,733358.000000,42.000000,1,1,4,0.196813,0.189594,0.192163,1.501636,0.194520 
12/11/2007 00:00,733358.000000,42.000000,1,1,4,0.197729,0.189694,0.192150,1.503367,0.194468 
12/11/2007 00:00,733358.000000,42.000000,1,1,4,0.197835,0.189702,0.192142,1.503264,0.194448 
13/11/2007 00:00,733359.000000,43.000000,1,1,4,0.196255,0.189612,0.192161,1.503340,0.194523 
13/11/2007 00:00,733359.000000,43.000000,1,1,4,0.197211,0.189712,0.192145,1.484794,0.194463 
13/11/2007 00:00,733359.000000,43.000000,1,1,4,0.197326,0.189721,0.192140,1.503261,0.194451 
14/11/2007 00:00,733360.000000,44.000000,1,1,4,0.195446,0.189628,0.192149,1.439385,0.194497 
14/11/2007 00:00,733360.000000,44.000000,1,1,4,0.196446,0.189729,0.192143,1.503372,0.194466 
14/11/2007 00:00,733360.000000,44.000000,1,1,4,0.196609,0.189738,0.192138,1.503258,0.194452 
15/11/2007 00:00,733361.000000,45.000000,1,1,4,0.194607,0.189640,0.192146,1.498856,0.194497 
15/11/2007 00:00,733361.000000,45.000000,1,1,4,0.195608,0.189744,0.192137,1.471058,0.194455 
15/11/2007 00:00,733361.000000,45.000000,1,1,4,0.195764,0.189753,0.192136,1.503254,0.194455 
16/11/2007 00:00,733362.000000,46.000000,1,1,4,0.194586,0.189654,0.192144,1.503371,0.194500 
16/11/2007 00:00,733362.000000,46.000000,1,1,4,0.195585,0.189758,0.192135,1.503384,0.194457 
16/11/2007 00:00,733362.000000,46.000000,1,1,4,0.195740,0.189768,0.192126,1.446675,0.194434 
17/11/2007 00:00,733363.000000,47.000000,1,1,4,0.194566,0.189667,0.192135,1.457796,0.194483 
17/11/2007 00:00,733363.000000,47.000000,1,1,4,0.195561,0.189772,0.192133,1.502055,0.194458 
17/11/2007 00:00,733363.000000,47.000000,1,1,4,0.195717,0.189782,0.192124,1.498972,0.194434 
18/11/2007 00:00,733364.000000,48.000000,1,1,4,0.194546,0.189679,0.192133,1.503391,0.194485 
18/11/2007 00:00,733364.000000,48.000000,1,1,4,0.195537,0.189787,0.192131,1.503379,0.194461 
18/11/2007 00:00,733364.000000,48.000000,1,1,4,0.195692,0.189797,0.192122,1.503280,0.194437 
19/11/2007 00:00,733365.000000,49.000000,1,1,4,0.194525,0.189692,0.192131,1.503388,0.194487 
19/11/2007 00:00,733365.000000,49.000000,1,1,4,0.195513,0.189801,0.192122,1.454977,0.194444 
19/11/2007 00:00,733365.000000,49.000000,1,1,4,0.195667,0.189811,0.192114,1.462680,0.194423 
20/11/2007 00:00,733366.000000,50.000000,1,1,4,0.193888,0.189704,0.192124,1.470857,0.194476 
20/11/2007 00:00,733366.000000,50.000000,1,1,4,0.194919,0.189814,0.192120,1.503400,0.194445 
20/11/2007 00:00,733366.000000,50.000000,1,1,4,0.195091,0.189824,0.192113,1.503296,0.194425 
21/11/2007 00:00,733367.000000,51.000000,1,1,4,0.193344,0.189714,0.192122,1.503401,0.194478 
21/11/2007 00:00,733367.000000,51.000000,1,1,4,0.194357,0.189825,0.192119,1.503397,0.194448 
21/11/2007 00:00,733367.000000,51.000000,1,1,4,0.194551,0.189836,0.192111,1.503293,0.194428 
22/11/2007 00:00,733368.000000,52.000000,1,1,4,0.179236,0.189701,0.192121,1.503398,0.194480 
22/11/2007 00:00,733368.000000,52.000000,1,1,4,0.186970,0.189824,0.192110,1.456448,0.194432 
22/11/2007 00:00,733368.000000,52.000000,1,1,4,0.178627,0.189821,0.192107,1.484843,0.194423 
23/11/2007 00:00,733369.000000,53.000000,1,1,4,0.152031,0.189587,0.192119,1.503396,0.194482 
23/11/2007 00:00,733369.000000,53.000000,1,1,4,0.152825,0.189716,0.192107,1.493062,0.194430 
23/11/2007 00:00,733369.000000,53.000000,1,1,4,0.147476,0.189667,0.192105,1.503297,0.194425 
24/11/2007 00:00,733370.000000,54.000000,1,1,4,0.137915,0.189297,0.192114,1.485854,0.194477 
24/11/2007 00:00,733370.000000,54.000000,1,1,4,0.137497,0.189414,0.192105,1.503419,0.194432 
24/11/2007 00:00,733370.000000,54.000000,1,1,4,0.133599,0.189264,0.192102,1.497897,0.194425 
25/11/2007 00:00,733371.000000,55.000000,1,1,4,0.141198,0.189081,0.192111,1.503400,0.194479 
25/11/2007 00:00,733371.000000,55.000000,1,1,4,0.139585,0.189169,0.192101,1.494895,0.194431 
25/11/2007 00:00,733371.000000,55.000000,1,1,4,0.138082,0.188991,0.192099,1.503295,0.194427 
26/11/2007 00:00,733372.000000,56.000000,1,1,4,0.150508,0.188970,0.192108,1.503398,0.194481 
26/11/2007 00:00,733372.000000,56.000000,1,1,4,0.146760,0.189026,0.192099,1.503418,0.194433 
26/11/2007 00:00,733372.000000,56.000000,1,1,4,0.145692,0.188839,0.192094,1.489921,0.194424 
27/11/2007 00:00,733373.000000,57.000000,1,1,4,0.159191,0.188910,0.192105,1.499684,0.194481 
27/11/2007 00:00,733373.000000,57.000000,1,1,4,0.153450,0.188937,0.192096,1.501577,0.194434 
27/11/2007 00:00,733373.000000,57.000000,1,1,4,0.152256,0.188745,0.192091,1.502120,0.194425 
28/11/2007 00:00,733374.000000,58.000000,1,1,4,0.158191,0.188846,0.192102,1.503395,0.194483 
28/11/2007 00:00,733374.000000,58.000000,1,1,4,0.151284,0.188835,0.192093,1.503414,0.194436 
28/11/2007 00:00,733374.000000,58.000000,1,1,4,0.150187,0.188637,0.192088,1.503295,0.194427 
29/11/2007 00:00,733375.000000,59.000000,1,1,4,0.145170,0.188693,0.192098,1.497234,0.194482 
29/11/2007 00:00,733375.000000,59.000000,1,1,4,0.139699,0.188610,0.192089,1.496529,0.194435 
29/11/2007 00:00,733375.000000,59.000000,1,1,4,0.138912,0.188403,0.192083,1.495239,0.194426 
30/11/2007 00:00,733376.000000,60.000000,1,1,4,0.128891,0.184807,0.192089,1.503140,0.194484 
30/11/2007 00:00,733376.000000,60.000000,1,1,4,0.127170,0.182470,0.192076,1.501765,0.194437 
30/11/2007 00:00,733376.000000,60.000000,1,1,4,0.126867,0.182173,0.192070,1.500886,0.194427 
01/12/2007 00:00,733377.000000,61.000000,1,1,4,0.123704,0.176135,0.192066,1.503391,0.194485 
01/12/2007 00:00,733377.000000,61.000000,1,1,4,0.122953,0.171524,0.192044,1.503411,0.194438 
01/12/2007 00:00,733377.000000,61.000000,1,1,4,0.122778,0.170531,0.192036,1.503292,0.194429 
02/12/2007 00:00,733378.000000,62.000000,1,1,4,0.124388,0.167510,0.192024,1.499280,0.194485 
02/12/2007 00:00,733378.000000,62.000000,1,1,4,0.123848,0.162067,0.191986,1.502876,0.194440 
02/12/2007 00:00,733378.000000,62.000000,1,1,4,0.123702,0.161528,0.191975,1.503289,0.194431 
03/12/2007 00:00,733379.000000,63.000000,1,1,4,0.129196,0.162583,0.191967,1.501604,0.194486 
03/12/2007 00:00,733379.000000,63.000000,1,1,4,0.128353,0.157021,0.191905,1.503405,0.194442 
03/12/2007 00:00,733379.000000,63.000000,1,1,4,0.128124,0.156456,0.191892,1.501738,0.194432 
04/12/2007 00:00,733380.000000,64.000000,1,1,4,0.145344,0.161926,0.191908,1.502493,0.194487 
04/12/2007 00:00,733380.000000,64.000000,1,1,4,0.143586,0.156589,0.191414,1.503282,0.194444 
04/12/2007 00:00,733380.000000,64.000000,1,1,4,0.143076,0.156012,0.191474,1.502411,0.194434 
05/12/2007 00:00,733381.000000,65.000000,1,1,4,0.174103,0.162743,0.191453,1.502901,0.194489 
05/12/2007 00:00,733381.000000,65.000000,1,1,4,0.170683,0.157713,0.190970,1.503396,0.194445 
05/12/2007 00:00,733381.000000,65.000000,1,1,4,0.169675,0.157158,0.190803,1.502715,0.194435 
06/12/2007 00:00,733382.000000,66.000000,1,1,4,0.184143,0.163669,0.191024,1.503078,0.194490 
06/12/2007 00:00,733382.000000,66.000000,1,1,4,0.179274,0.158904,0.190389,1.503354,0.194447 
06/12/2007 00:00,733382.000000,66.000000,1,1,4,0.177834,0.158366,0.190206,1.502832,0.194437 
07/12/2007 00:00,733383.000000,67.000000,1,1,4,0.169850,0.164271,0.190625,1.503138,0.194492 
07/12/2007 00:00,733383.000000,67.000000,1,1,4,0.164251,0.159655,0.189865,1.503383,0.194449 
07/12/2007 00:00,733383.000000,67.000000,1,1,4,0.162685,0.159102,0.189657,1.502852,0.194438 
08/12/2007 00:00,733384.000000,68.000000,1,1,4,0.122520,0.153766,0.189815,1.503130,0.194493 
08/12/2007 00:00,733384.000000,68.000000,1,1,4,0.121754,0.148856,0.188765,1.503344,0.194450 
08/12/2007 00:00,733384.000000,68.000000,1,1,4,0.121529,0.148096,0.188505,1.502810,0.194440 
09/12/2007 00:00,733385.000000,69.000000,1,1,4,0.117418,0.137210,0.187266,1.503050,0.194494 
09/12/2007 00:00,733385.000000,69.000000,1,1,4,0.117161,0.133828,0.185485,1.503226,0.194452 
09/12/2007 00:00,733385.000000,69.000000,1,1,4,0.117083,0.133268,0.185082,1.502681,0.194441 
10/12/2007 00:00,733386.000000,70.000000,1,1,4,0.121730,0.132933,0.183816,1.502886,0.194495 
10/12/2007 00:00,733386.000000,70.000000,1,1,4,0.121199,0.130524,0.181330,1.503003,0.194453 
10/12/2007 00:00,733386.000000,70.000000,1,1,4,0.121074,0.130109,0.180790,1.502445,0.194438 
11/12/2007 00:00,733387.000000,71.000000,1,1,4,0.125118,0.132251,0.180352,1.502639,0.194484 
11/12/2007 00:00,733387.000000,71.000000,1,1,4,0.124340,0.130318,0.177342,1.502671,0.194443 
11/12/2007 00:00,733387.000000,71.000000,1,1,4,0.124175,0.129975,0.176703,1.502095,0.194427 
12/12/2007 00:00,733388.000000,72.000000,1,1,4,0.127578,0.132722,0.177218,1.502304,0.194472 
12/12/2007 00:00,733388.000000,72.000000,1,1,4,0.126653,0.131057,0.173857,1.502227,0.194432 
12/12/2007 00:00,733388.000000,72.000000,1,1,4,0.126466,0.130755,0.173152,1.501628,0.194415 
13/12/2007 00:00,733389.000000,73.000000,1,1,4,0.129452,0.133598,0.174497,1.501883,0.194460 
13/12/2007 00:00,733389.000000,73.000000,1,1,4,0.128455,0.132103,0.170919,1.501673,0.194420 
13/12/2007 00:00,733389.000000,73.000000,1,1,4,0.128257,0.131828,0.170177,1.501045,0.194404 
14/12/2007 00:00,733390.000000,74.000000,1,1,4,0.130946,0.134597,0.172176,1.501380,0.194448 
14/12/2007 00:00,733390.000000,74.000000,1,1,4,0.129923,0.133217,0.168486,1.501016,0.194408 
14/12/2007 00:00,733390.000000,74.000000,1,1,4,0.129720,0.132959,0.167727,1.500353,0.194391 
15/12/2007 00:00,733391.000000,75.000000,1,1,4,0.132256,0.135617,0.170219,1.500799,0.194435 
15/12/2007 00:00,733391.000000,75.000000,1,1,4,0.131218,0.134316,0.166494,1.500263,0.194395 
15/12/2007 00:00,733391.000000,75.000000,1,1,4,0.131011,0.134069,0.165733,1.499562,0.194378 
16/12/2007 00:00,733392.000000,76.000000,1,1,4,0.133451,0.136618,0.168583,1.500148,0.194422 
16/12/2007 00:00,733392.000000,76.000000,1,1,4,0.132404,0.135370,0.164880,1.499426,0.194382 
16/12/2007 00:00,733392.000000,76.000000,1,1,4,0.132192,0.135129,0.164129,1.498683,0.194363 
17/12/2007 00:00,733393.000000,77.000000,1,1,4,0.134647,0.137598,0.167229,1.499434,0.194408 
17/12/2007 00:00,733393.000000,77.000000,1,1,4,0.133583,0.136385,0.163590,1.498515,0.194367 
17/12/2007 00:00,733393.000000,77.000000,1,1,4,0.133365,0.136147,0.162857,1.497730,0.194348 
18/12/2007 00:00,733394.000000,78.000000,1,1,4,0.135860,0.138559,0.166124,1.498666,0.194393 
18/12/2007 00:00,733394.000000,78.000000,1,1,4,0.134818,0.137376,0.162581,1.497545,0.194352 
18/12/2007 00:00,733394.000000,78.000000,1,1,4,0.134603,0.137142,0.161871,1.496715,0.194332 
19/12/2007 00:00,733395.000000,79.000000,1,1,4,0.136979,0.139486,0.165234,1.497852,0.194378 
19/12/2007 00:00,733395.000000,79.000000,1,1,4,0.135962,0.138330,0.161809,1.496527,0.194336 
19/12/2007 00:00,733395.000000,79.000000,1,1,4,0.135753,0.138098,0.161126,1.495653,0.194315 
20/12/2007 00:00,733396.000000,80.000000,1,1,4,0.138007,0.140370,0.164528,1.497001,0.194361 
20/12/2007 00:00,733396.000000,80.000000,1,1,4,0.137010,0.139236,0.161235,1.495473,0.194318 
20/12/2007 00:00,733396.000000,80.000000,1,1,4,0.136805,0.139008,0.160582,1.494555,0.194297 
21/12/2007 00:00,733397.000000,81.000000,1,1,4,0.138961,0.141208,0.163980,1.496120,0.194344 
21/12/2007 00:00,733397.000000,81.000000,1,1,4,0.137979,0.140093,0.160826,1.494392,0.194300 
21/12/2007 00:00,733397.000000,81.000000,1,1,4,0.137777,0.139868,0.160204,1.493433,0.194278 
22/12/2007 00:00,733398.000000,82.000000,1,1,4,0.139848,0.142001,0.163565,1.495216,0.194327 
22/12/2007 00:00,733398.000000,82.000000,1,1,4,0.138877,0.140902,0.160553,1.493295,0.194281 
22/12/2007 00:00,733398.000000,82.000000,1,1,4,0.138678,0.140680,0.159961,1.492295,0.194258 
23/12/2007 00:00,733399.000000,83.000000,1,1,4,0.140673,0.142751,0.163263,1.494296,0.194308 
23/12/2007 00:00,733399.000000,83.000000,1,1,4,0.139707,0.141666,0.160391,1.492189,0.194260 
23/12/2007 00:00,733399.000000,83.000000,1,1,4,0.139506,0.141445,0.159829,1.491150,0.194237 
24/12/2007 00:00,733400.000000,84.000000,1,1,4,0.141452,0.143462,0.163055,1.493365,0.194289 
24/12/2007 00:00,733400.000000,84.000000,1,1,4,0.140489,0.142388,0.160321,1.491081,0.194239 
24/12/2007 00:00,733400.000000,84.000000,1,1,4,0.140286,0.142169,0.159787,1.490005,0.194214 
25/12/2007 00:00,733401.000000,85.000000,1,1,4,0.142207,0.144139,0.162928,1.492429,0.194268 
25/12/2007 00:00,733401.000000,85.000000,1,1,4,0.141254,0.143076,0.160326,1.489976,0.194217 
25/12/2007 00:00,733401.000000,85.000000,1,1,4,0.141052,0.142859,0.159819,1.488865,0.194191 
26/12/2007 00:00,733402.000000,86.000000,1,1,4,0.142942,0.144787,0.162868,1.491491,0.194247 
26/12/2007 00:00,733402.000000,86.000000,1,1,4,0.142001,0.143736,0.160393,1.488878,0.194193 
26/12/2007 00:00,733402.000000,86.000000,1,1,4,0.141802,0.143520,0.159911,1.487735,0.194167 
27/12/2007 00:00,733403.000000,87.000000,1,1,4,0.143638,0.145407,0.162865,1.490555,0.194226 
27/12/2007 00:00,733403.000000,87.000000,1,1,4,0.142708,0.144369,0.160510,1.487791,0.194169 
27/12/2007 00:00,733403.000000,87.000000,1,1,4,0.142512,0.144155,0.160052,1.486618,0.194142 
28/12/2007 00:00,733404.000000,88.000000,1,1,4,0.144295,0.146002,0.162910,1.489624,0.194203 
28/12/2007 00:00,733404.000000,88.000000,1,1,4,0.143372,0.144975,0.160667,1.486718,0.194144 
28/12/2007 00:00,733404.000000,88.000000,1,1,4,0.143177,0.144764,0.160232,1.485516,0.194115 
29/12/2007 00:00,733405.000000,89.000000,1,1,4,0.144714,0.146552,0.162993,1.488700,0.194180 
29/12/2007 00:00,733405.000000,89.000000,1,1,4,0.143769,0.145533,0.160856,1.485660,0.194118 
29/12/2007 00:00,733405.000000,89.000000,1,1,4,0.143566,0.145322,0.160441,1.484432,0.194088 
30/12/2007 00:00,733406.000000,90.000000,1,1,4,0.145003,0.147053,0.163106,1.487785,0.194156 
30/12/2007 00:00,733406.000000,90.000000,1,1,4,0.144049,0.146039,0.161067,1.484620,0.194091 
30/12/2007 00:00,733406.000000,90.000000,1,1,4,0.143842,0.145829,0.160671,1.483367,0.194061 
31/12/2007 00:00,733407.000000,91.000000,1,1,4,0.145169,0.147502,0.163242,1.486881,0.194131 
31/12/2007 00:00,733407.000000,91.000000,1,1,4,0.144190,0.146489,0.161293,1.483597,0.194063 
31/12/2007 00:00,733407.000000,91.000000,1,1,4,0.143975,0.146278,0.160914,1.482321,0.194032 
01/01/2008 00:00,733408.000000,92.000000,1,1,4,0.145432,0.147917,0.163394,1.485988,0.194106 
01/01/2008 00:00,733408.000000,92.000000,1,1,4,0.144392,0.146900,0.161529,1.482593,0.194035 
01/01/2008 00:00,733408.000000,92.000000,1,1,4,0.144158,0.146686,0.161165,1.481296,0.194002 
02/01/2008 00:00,733409.000000,93.000000,1,1,4,0.145647,0.148301,0.163560,1.485106,0.194079 
02/01/2008 00:00,733409.000000,93.000000,1,1,4,0.144548,0.147273,0.161770,1.481607,0.194006 
02/01/2008 00:00,733409.000000,93.000000,1,1,4,0.144297,0.147055,0.161420,1.480289,0.193972 
03/01/2008 00:00,733410.000000,94.000000,1,1,4,0.145846,0.148656,0.163736,1.484237,0.194053 
03/01/2008 00:00,733410.000000,94.000000,1,1,4,0.144691,0.147614,0.162015,1.480639,0.193976 
03/01/2008 00:00,733410.000000,94.000000,1,1,4,0.144423,0.147391,0.161677,1.479302,0.193941 
04/01/2008 00:00,733411.000000,95.000000,1,1,4,0.146073,0.148990,0.163919,1.483380,0.194026 
04/01/2008 00:00,733411.000000,95.000000,1,1,4,0.144862,0.147931,0.162259,1.479689,0.193946 
04/01/2008 00:00,733411.000000,95.000000,1,1,4,0.144578,0.147702,0.161932,1.478334,0.193910 
05/01/2008 00:00,733412.000000,96.000000,1,1,4,0.146354,0.149312,0.164107,1.482537,0.193998 
05/01/2008 00:00,733412.000000,96.000000,1,1,4,0.145087,0.148233,0.162503,1.478757,0.193915 
05/01/2008 00:00,733412.000000,96.000000,1,1,4,0.144786,0.147997,0.162185,1.477385,0.193878 
06/01/2008 00:00,733413.000000,97.000000,1,1,4,0.146682,0.149627,0.164300,1.481706,0.193969 
06/01/2008 00:00,733413.000000,97.000000,1,1,4,0.145358,0.148527,0.162745,1.477842,0.193883 
06/01/2008 00:00,733413.000000,97.000000,1,1,4,0.145040,0.148283,0.162435,1.476453,0.193845 
07/01/2008 00:00,733414.000000,98.000000,1,1,4,0.147032,0.149938,0.164496,1.480887,0.193941 
07/01/2008 00:00,733414.000000,98.000000,1,1,4,0.145652,0.148816,0.162986,1.476943,0.193851 
07/01/2008 00:00,733414.000000,98.000000,1,1,4,0.145317,0.148565,0.162683,1.475539,0.193812 
08/01/2008 00:00,733415.000000,99.000000,1,1,4,0.147380,0.150246,0.164695,1.480082,0.193911 
08/01/2008 00:00,733415.000000,99.000000,1,1,4,0.145946,0.149102,0.163225,1.476062,0.193818 
08/01/2008 00:00,733415.000000,99.000000,1,1,4,0.145595,0.148842,0.162927,1.474642,0.193778 
09/01/2008 00:00,733416.000000,100.000000,1,1,4,0.147698,0.150549,0.164897,1.479290,0.193881 
09/01/2008 00:00,733416.000000,100.000000,1,1,4,0.146213,0.149381,0.163461,1.475196,0.193785 
09/01/2008 00:00,733416.000000,100.000000,1,1,4,0.145848,0.149114,0.163168,1.473762,0.193743 
10/01/2008 00:00,733417.000000,101.000000,1,1,4,0.148015,0.150848,0.165100,1.478510,0.193851 
10/01/2008 00:00,733417.000000,101.000000,1,1,4,0.146488,0.149656,0.163695,1.474345,0.193751 
10/01/2008 00:00,733417.000000,101.000000,1,1,4,0.146110,0.149380,0.163406,1.472898,0.193709 
11/01/2008 00:00,733418.000000,102.000000,1,1,4,0.148552,0.151160,0.165305,1.477743,0.193820 
11/01/2008 00:00,733418.000000,102.000000,1,1,4,0.147076,0.149955,0.163929,1.473510,0.193717 
11/01/2008 00:00,733418.000000,102.000000,1,1,4,0.146704,0.149674,0.163643,1.472049,0.193673 
12/01/2008 00:00,733419.000000,103.000000,1,1,4,0.149093,0.151483,0.165512,1.476988,0.193789 
12/01/2008 00:00,733419.000000,103.000000,1,1,4,0.147687,0.150276,0.164162,1.472690,0.193682 
12/01/2008 00:00,733419.000000,103.000000,1,1,4,0.147336,0.149993,0.163880,1.471216,0.193638 
13/01/2008 00:00,733420.000000,104.000000,1,1,4,0.149596,0.151814,0.165722,1.476246,0.193758 
13/01/2008 00:00,733420.000000,104.000000,1,1,4,0.148246,0.150611,0.164397,1.471886,0.193647 
13/01/2008 00:00,733420.000000,104.000000,1,1,4,0.147911,0.150327,0.164117,1.470398,0.193601 
14/01/2008 00:00,733421.000000,105.000000,1,1,4,0.150068,0.152147,0.165934,1.475516,0.193726 
14/01/2008 00:00,733421.000000,105.000000,1,1,4,0.148761,0.150953,0.164633,1.471095,0.193612 
14/01/2008 00:00,733421.000000,105.000000,1,1,4,0.148439,0.150670,0.164356,1.469596,0.193565 
15/01/2008 00:00,733422.000000,106.000000,1,1,4,0.150513,0.152481,0.166147,1.474799,0.193694 
15/01/2008 00:00,733422.000000,106.000000,1,1,4,0.149241,0.151298,0.164870,1.470320,0.193576 
15/01/2008 00:00,733422.000000,106.000000,1,1,4,0.148927,0.151017,0.164595,1.468808,0.193528 
16/01/2008 00:00,733423.000000,107.000000,1,1,4,0.150931,0.152814,0.166363,1.474094,0.193661 
16/01/2008 00:00,733423.000000,107.000000,1,1,4,0.149681,0.151642,0.165107,1.469559,0.193540 
16/01/2008 00:00,733423.000000,107.000000,1,1,4,0.149371,0.151364,0.164836,1.468036,0.193491 
17/01/2008 00:00,733424.000000,108.000000,1,1,4,0.151309,0.153142,0.166579,1.473402,0.193629 
17/01/2008 00:00,733424.000000,108.000000,1,1,4,0.150047,0.151981,0.165345,1.468812,0.193504 
17/01/2008 00:00,733424.000000,108.000000,1,1,4,0.149724,0.151704,0.165076,1.467277,0.193454 
18/01/2008 00:00,733425.000000,109.000000,1,1,4,0.151543,0.153457,0.166795,1.472721,0.193596 
18/01/2008 00:00,733425.000000,109.000000,1,1,4,0.150124,0.152293,0.165581,1.468079,0.193467 
18/01/2008 00:00,733425.000000,109.000000,1,1,4,0.149756,0.152013,0.165315,1.466533,0.193416 
19/01/2008 00:00,733426.000000,110.000000,1,1,4,0.151625,0.153750,0.167010,1.472052,0.193562 
19/01/2008 00:00,733426.000000,110.000000,1,1,4,0.150050,0.152571,0.165814,1.467359,0.193430 
19/01/2008 00:00,733426.000000,110.000000,1,1,4,0.149646,0.152285,0.165550,1.465803,0.193378 
20/01/2008 00:00,733427.000000,111.000000,1,1,4,0.151583,0.154015,0.167223,1.471395,0.193529 
20/01/2008 00:00,733427.000000,111.000000,1,1,4,0.149880,0.152811,0.166043,1.466653,0.193393 
20/01/2008 00:00,733427.000000,111.000000,1,1,4,0.149448,0.152518,0.165780,1.465086,0.193340 
21/01/2008 00:00,733428.000000,112.000000,1,1,4,0.151359,0.154243,0.167431,1.470748,0.193495 
21/01/2008 00:00,733428.000000,112.000000,1,1,4,0.149561,0.153007,0.166264,1.465959,0.193356 
21/01/2008 00:00,733428.000000,112.000000,1,1,4,0.149111,0.152703,0.166002,1.464382,0.193301 
22/01/2008 00:00,733429.000000,113.000000,1,1,4,0.150919,0.154422,0.167634,1.470113,0.193461 
22/01/2008 00:00,733429.000000,113.000000,1,1,4,0.149061,0.153147,0.166477,1.465277,0.193318 
22/01/2008 00:00,733429.000000,113.000000,1,1,4,0.148601,0.152833,0.166215,1.463690,0.193263 
23/01/2008 00:00,733430.000000,114.000000,1,1,4,0.150412,0.154550,0.167829,1.469488,0.193427 
23/01/2008 00:00,733430.000000,114.000000,1,1,4,0.148521,0.153233,0.166679,1.464606,0.193281 
23/01/2008 00:00,733430.000000,114.000000,1,1,4,0.148057,0.152907,0.166416,1.463010,0.193224 
24/01/2008 00:00,733431.000000,115.000000,1,1,4,0.149946,0.154635,0.168014,1.468872,0.193393 
24/01/2008 00:00,733431.000000,115.000000,1,1,4,0.148040,0.153273,0.166868,1.463946,0.193243 
24/01/2008 00:00,733431.000000,115.000000,1,1,4,0.147576,0.152935,0.166605,1.462340,0.193185 
25/01/2008 00:00,733432.000000,116.000000,1,1,4,0.149621,0.154691,0.168190,1.468265,0.193358 
25/01/2008 00:00,733432.000000,116.000000,1,1,4,0.147707,0.153283,0.167045,1.463296,0.193205 
25/01/2008 00:00,733432.000000,116.000000,1,1,4,0.147245,0.152934,0.166779,1.461679,0.193146 
26/01/2008 00:00,733433.000000,117.000000,1,1,4,0.149550,0.154738,0.168356,1.467667,0.193324 
26/01/2008 00:00,733433.000000,117.000000,1,1,4,0.147624,0.153288,0.167209,1.462654,0.193167 
26/01/2008 00:00,733433.000000,117.000000,1,1,4,0.147163,0.152929,0.166942,1.461028,0.193107 
27/01/2008 00:00,733434.000000,118.000000,1,1,4,0.149691,0.154795,0.168514,1.467078,0.193289 
27/01/2008 00:00,733434.000000,118.000000,1,1,4,0.147743,0.153307,0.167363,1.462021,0.193128 
27/01/2008 00:00,733434.000000,118.000000,1,1,4,0.147280,0.152938,0.167093,1.460385,0.193068 
28/01/2008 00:00,733435.000000,119.000000,1,1,4,0.150109,0.154882,0.168665,1.466495,0.193254 
28/01/2008 00:00,733435.000000,119.000000,1,1,4,0.148146,0.153361,0.167509,1.461396,0.193090 
28/01/2008 00:00,733435.000000,119.000000,1,1,4,0.147679,0.152985,0.167236,1.459750,0.193028 
29/01/2008 00:00,733436.000000,120.000000,1,1,4,0.150628,0.155002,0.168812,1.465921,0.193219 
29/01/2008 00:00,733436.000000,120.000000,1,1,4,0.148663,0.153456,0.167650,1.460778,0.193051 
29/01/2008 00:00,733436.000000,120.000000,1,1,4,0.148191,0.153074,0.167373,1.459123,0.192989 
30/01/2008 00:00,733437.000000,121.000000,1,1,4,0.151044,0.155142,0.168956,1.465353,0.193184 
30/01/2008 00:00,733437.000000,121.000000,1,1,4,0.149054,0.153576,0.167786,1.460168,0.193013 
30/01/2008 00:00,733437.000000,121.000000,1,1,4,0.148575,0.153189,0.167506,1.458503,0.192949 
31/01/2008 00:00,733438.000000,122.000000,1,1,4,0.151368,0.155296,0.169096,1.464793,0.193149 
31/01/2008 00:00,733438.000000,122.000000,1,1,4,0.149340,0.153709,0.167920,1.459565,0.192974 
31/01/2008 00:00,733438.000000,122.000000,1,1,4,0.148851,0.153317,0.167636,1.457890,0.192910 
01/02/2008 00:00,733439.000000,123.000000,1,1,4,0.151703,0.155460,0.169235,1.464239,0.193114 
01/02/2008 00:00,733439.000000,123.000000,1,1,4,0.149635,0.153854,0.168051,1.458969,0.192935 
01/02/2008 00:00,733439.000000,123.000000,1,1,4,0.149135,0.153457,0.167765,1.457283,0.192870 
02/02/2008 00:00,733440.000000,124.000000,1,1,4,0.152078,0.155637,0.169373,1.463692,0.193079 
02/02/2008 00:00,733440.000000,124.000000,1,1,4,0.149973,0.154013,0.168181,1.458379,0.192897 
02/02/2008 00:00,733440.000000,124.000000,1,1,4,0.149463,0.153611,0.167891,1.456684,0.192830 
03/02/2008 00:00,733441.000000,125.000000,1,1,4,0.152456,0.155826,0.169510,1.463152,0.193044 
03/02/2008 00:00,733441.000000,125.000000,1,1,4,0.150317,0.154184,0.168310,1.457797,0.192858 
03/02/2008 00:00,733441.000000,125.000000,1,1,4,0.149796,0.153778,0.168017,1.456091,0.192790 
04/02/2008 00:00,733442.000000,126.000000,1,1,4,0.152667,0.156014,0.169646,1.462618,0.193008 
04/02/2008 00:00,733442.000000,126.000000,1,1,4,0.150473,0.154353,0.168438,1.457221,0.192819 
04/02/2008 00:00,733442.000000,126.000000,1,1,4,0.149941,0.153941,0.168142,1.455505,0.192750 
05/02/2008 00:00,733443.000000,127.000000,1,1,4,0.152879,0.156200,0.169781,1.462091,0.192973 
05/02/2008 00:00,733443.000000,127.000000,1,1,4,0.150658,0.154521,0.168566,1.456651,0.192780 
05/02/2008 00:00,733443.000000,127.000000,1,1,4,0.150121,0.154104,0.168267,1.454925,0.192711 
06/02/2008 00:00,733444.000000,128.000000,1,1,4,0.172321,0.156409,0.169916,1.461570,0.192937 
06/02/2008 00:00,733444.000000,128.000000,1,1,4,0.164139,0.154723,0.168694,1.456088,0.192741 
06/02/2008 00:00,733444.000000,128.000000,1,1,4,0.162309,0.154305,0.168392,1.454352,0.192671 
07/02/2008 00:00,733445.000000,129.000000,1,1,4,0.174835,0.157270,0.170077,1.461056,0.192902 
07/02/2008 00:00,733445.000000,129.000000,1,1,4,0.163914,0.155493,0.168847,1.455533,0.192702 
07/02/2008 00:00,733445.000000,129.000000,1,1,4,0.161795,0.155049,0.168542,1.453787,0.192631 
08/02/2008 00:00,733446.000000,130.000000,1,1,4,0.184972,0.158138,0.170261,1.460551,0.192867 
08/02/2008 00:00,733446.000000,130.000000,1,1,4,0.173053,0.156222,0.169021,1.454986,0.192664 
08/02/2008 00:00,733446.000000,130.000000,1,1,4,0.170798,0.155743,0.168713,1.453229,0.192591 
09/02/2008 00:00,733447.000000,131.000000,1,1,4,0.198138,0.159103,0.170468,1.460055,0.192831 
09/02/2008 00:00,733447.000000,131.000000,1,1,4,0.183672,0.157114,0.169220,1.454448,0.192625 
09/02/2008 00:00,733447.000000,131.000000,1,1,4,0.181044,0.156619,0.168908,1.452681,0.192551 
10/02/2008 00:00,733448.000000,132.000000,1,1,4,0.211669,0.160151,0.170698,1.459569,0.192796 
10/02/2008 00:00,733448.000000,132.000000,1,1,4,0.194596,0.158120,0.169444,1.453921,0.192586 
10/02/2008 00:00,733448.000000,132.000000,1,1,4,0.191575,0.157619,0.169130,1.452144,0.192511 
11/02/2008 00:00,733449.000000,133.000000,1,1,4,0.226270,0.161257,0.170948,1.459094,0.192761 
11/02/2008 00:00,733449.000000,133.000000,1,1,4,0.206531,0.159186,0.169692,1.453405,0.192547 
11/02/2008 00:00,733449.000000,133.000000,1,1,4,0.203099,0.158684,0.169376,1.451618,0.192472 
12/02/2008 00:00,733450.000000,134.000000,1,1,4,0.242379,0.162442,0.171218,1.458629,0.192725 
12/02/2008 00:00,733450.000000,134.000000,1,1,4,0.219995,0.160293,0.169961,1.452901,0.192508 
12/02/2008 00:00,733450.000000,134.000000,1,1,4,0.216135,0.159790,0.169645,1.451103,0.192432 
13/02/2008 00:00,733451.000000,135.000000,1,1,4,0.259442,0.163799,0.171504,1.458176,0.192690 
13/02/2008 00:00,733451.000000,135.000000,1,1,4,0.234609,0.161454,0.170249,1.452409,0.192470 
13/02/2008 00:00,733451.000000,135.000000,1,1,4,0.230326,0.160942,0.169934,1.450602,0.192392 
14/02/2008 00:00,733452.000000,136.000000,1,1,4,0.271033,0.165515,0.171810,1.457736,0.192655 
14/02/2008 00:00,733452.000000,136.000000,1,1,4,0.244588,0.162714,0.170554,1.451930,0.192431 
14/02/2008 00:00,733452.000000,136.000000,1,1,4,0.239979,0.162170,0.170240,1.450114,0.192353 
15/02/2008 00:00,733453.000000,137.000000,1,1,4,0.289042,0.167579,0.172139,1.457308,0.192620 
15/02/2008 00:00,733453.000000,137.000000,1,1,4,0.264255,0.164062,0.170875,1.451465,0.192392 
15/02/2008 00:00,733453.000000,137.000000,1,1,4,0.259873,0.163461,0.170562,1.449639,0.192313 
16/02/2008 00:00,733454.000000,138.000000,1,1,4,0.303188,0.170660,0.172494,1.456894,0.192585 
16/02/2008 00:00,733454.000000,138.000000,1,1,4,0.286885,0.165888,0.171212,1.451013,0.192354 
16/02/2008 00:00,733454.000000,138.000000,1,1,4,0.283448,0.165156,0.170899,1.449179,0.192274 
17/02/2008 00:00,733455.000000,139.000000,1,1,4,0.310479,0.174780,0.172889,1.456495,0.192550 
17/02/2008 00:00,733455.000000,139.000000,1,1,4,0.299340,0.168871,0.171573,1.450576,0.192316 
17/02/2008 00:00,733455.000000,139.000000,1,1,4,0.296568,0.167922,0.171257,1.448733,0.192235 
18/02/2008 00:00,733456.000000,140.000000,1,1,4,0.314243,0.179182,0.173330,1.456111,0.192515 
18/02/2008 00:00,733456.000000,140.000000,1,1,4,0.305966,0.172611,0.171974,1.450154,0.192278 
18/02/2008 00:00,733456.000000,140.000000,1,1,4,0.303642,0.171450,0.171654,1.448302,0.192196 
19/02/2008 00:00,733457.000000,141.000000,1,1,4,0.316364,0.183417,0.173809,1.455745,0.192481 
19/02/2008 00:00,733457.000000,141.000000,1,1,4,0.309519,0.176536,0.172419,1.449749,0.192240 
19/02/2008 00:00,733457.000000,141.000000,1,1,4,0.307464,0.175210,0.172094,1.447889,0.192157 
20/02/2008 00:00,733458.000000,142.000000,1,1,4,0.317650,0.187333,0.174315,1.455395,0.192446 
20/02/2008 00:00,733458.000000,142.000000,1,1,4,0.311515,0.180309,0.172899,1.449362,0.192202 
20/02/2008 00:00,733458.000000,142.000000,1,1,4,0.309603,0.178857,0.172570,1.447493,0.192118 
21/02/2008 00:00,733459.000000,143.000000,1,1,4,0.318462,0.190902,0.174837,1.455064,0.192412 
21/02/2008 00:00,733459.000000,143.000000,1,1,4,0.312687,0.183802,0.173405,1.448993,0.192165 
21/02/2008 00:00,733459.000000,143.000000,1,1,4,0.310841,0.182251,0.173071,1.447115,0.192080 
22/02/2008 00:00,733460.000000,144.000000,1,1,4,0.318973,0.194144,0.175370,1.454749,0.192378 
22/02/2008 00:00,733460.000000,144.000000,1,1,4,0.313379,0.186990,0.173926,1.448642,0.192127 
22/02/2008 00:00,733460.000000,144.000000,1,1,4,0.311557,0.185356,0.173588,1.446756,0.192042 
23/02/2008 00:00,733461.000000,145.000000,1,1,4,0.319268,0.197088,0.175907,1.454452,0.192344 
23/02/2008 00:00,733461.000000,145.000000,1,1,4,0.313762,0.189885,0.174455,1.448309,0.192090 
23/02/2008 00:00,733461.000000,145.000000,1,1,4,0.311938,0.188178,0.174114,1.446415,0.192004 
24/02/2008 00:00,733462.000000,146.000000,1,1,4,0.319400,0.199766,0.176445,1.454170,0.192311 
24/02/2008 00:00,733462.000000,146.000000,1,1,4,0.313926,0.192513,0.174987,1.447994,0.192053 
24/02/2008 00:00,733462.000000,146.000000,1,1,4,0.312089,0.190741,0.174643,1.446092,0.191966 
25/02/2008 00:00,733463.000000,147.000000,1,1,4,0.319398,0.202206,0.176982,1.453905,0.192277 
25/02/2008 00:00,733463.000000,147.000000,1,1,4,0.313925,0.194901,0.175518,1.447695,0.192017 
25/02/2008 00:00,733463.000000,147.000000,1,1,4,0.312067,0.193068,0.175172,1.445786,0.191929 
26/02/2008 00:00,733464.000000,148.000000,1,1,4,0.319050,0.204444,0.177516,1.453656,0.192245 
26/02/2008 00:00,733464.000000,148.000000,1,1,4,0.313792,0.197075,0.176047,1.447413,0.191981 
26/02/2008 00:00,733464.000000,148.000000,1,1,4,0.311909,0.195186,0.175698,1.445497,0.191891 
27/02/2008 00:00,733465.000000,149.000000,1,1,4,0.317514,0.206522,0.178046,1.453421,0.192212 
27/02/2008 00:00,733465.000000,149.000000,1,1,4,0.313552,0.199057,0.176570,1.447147,0.191945 
27/02/2008 00:00,733465.000000,149.000000,1,1,4,0.311643,0.197116,0.176218,1.445223,0.191855 
28/02/2008 00:00,733466.000000,150.000000,1,1,4,0.316014,0.208347,0.178572,1.453201,0.192180 
28/02/2008 00:00,733466.000000,150.000000,1,1,4,0.313225,0.200867,0.177088,1.446896,0.191909 
28/02/2008 00:00,733466.000000,150.000000,1,1,4,0.311289,0.198878,0.176732,1.444965,0.191818 
29/02/2008 00:00,733467.000000,151.000000,1,1,4,0.314543,0.209958,0.179092,1.452994,0.192148 
29/02/2008 00:00,733467.000000,151.000000,1,1,4,0.311946,0.202559,0.177598,1.446660,0.191874 
29/02/2008 00:00,733467.000000,151.000000,1,1,4,0.310860,0.200489,0.177238,1.444722,0.191782 
01/03/2008 00:00,733468.000000,152.000000,1,1,4,0.313096,0.211387,0.179605,1.452801,0.192116 
01/03/2008 00:00,733468.000000,152.000000,1,1,4,0.310388,0.204079,0.178101,1.446438,0.191839 
01/03/2008 00:00,733468.000000,152.000000,1,1,4,0.309270,0.202008,0.177737,1.444493,0.191746 
02/03/2008 00:00,733469.000000,153.000000,1,1,4,0.311670,0.212661,0.180110,1.452621,0.192085 
02/03/2008 00:00,733469.000000,153.000000,1,1,4,0.308858,0.205427,0.178596,1.446229,0.191805 
02/03/2008 00:00,733469.000000,153.000000,1,1,4,0.307709,0.203356,0.178227,1.444277,0.191711 
03/03/2008 00:00,733470.000000,154.000000,1,1,4,0.310263,0.213799,0.180607,1.452453,0.192054 
03/03/2008 00:00,733470.000000,154.000000,1,1,4,0.307352,0.206627,0.179082,1.446034,0.191771 
03/03/2008 00:00,733470.000000,154.000000,1,1,4,0.306174,0.204556,0.178708,1.444075,0.191676 
04/03/2008 00:00,733471.000000,155.000000,1,1,4,0.308873,0.214821,0.181096,1.452297,0.192023 
04/03/2008 00:00,733471.000000,155.000000,1,1,4,0.305870,0.207700,0.179558,1.445850,0.191737 
04/03/2008 00:00,733471.000000,155.000000,1,1,4,0.304665,0.205628,0.179180,1.443885,0.191642 
05/03/2008 00:00,733472.000000,156.000000,1,1,4,0.307500,0.215741,0.181576,1.452153,0.191993 
05/03/2008 00:00,733472.000000,156.000000,1,1,4,0.304409,0.208663,0.180025,1.445679,0.191704 
05/03/2008 00:00,733472.000000,156.000000,1,1,4,0.303177,0.206589,0.179642,1.443707,0.191608 
06/03/2008 00:00,733473.000000,157.000000,1,1,4,0.306141,0.216571,0.182047,1.452019,0.191963 
06/03/2008 00:00,733473.000000,157.000000,1,1,4,0.302966,0.209530,0.180482,1.445519,0.191671 
06/03/2008 00:00,733473.000000,157.000000,1,1,4,0.301710,0.207455,0.180094,1.443540,0.191574 
07/03/2008 00:00,733474.000000,158.000000,1,1,4,0.304796,0.217322,0.182508,1.451896,0.191933 
07/03/2008 00:00,733474.000000,158.000000,1,1,4,0.301541,0.210312,0.180930,1.445369,0.191638 
07/03/2008 00:00,733474.000000,158.000000,1,1,4,0.300261,0.208236,0.180536,1.443385,0.191540 
08/03/2008 00:00,733475.000000,159.000000,1,1,4,0.303465,0.218002,0.182960,1.451783,0.191904 
08/03/2008 00:00,733475.000000,159.000000,1,1,4,0.300134,0.211020,0.181367,1.445231,0.191606 
08/03/2008 00:00,733475.000000,159.000000,1,1,4,0.298831,0.208943,0.180968,1.443240,0.191508 
09/03/2008 00:00,733476.000000,160.000000,1,1,4,0.302147,0.218618,0.183402,1.451680,0.191875 
09/03/2008 00:00,733476.000000,160.000000,1,1,4,0.298742,0.211663,0.181794,1.445102,0.191574 
09/03/2008 00:00,733476.000000,160.000000,1,1,4,0.297417,0.209585,0.181390,1.443104,0.191475 
10/03/2008 00:00,733477.000000,161.000000,1,1,4,0.300840,0.219179,0.183835,1.451586,0.191847 
10/03/2008 00:00,733477.000000,161.000000,1,1,4,0.297364,0.212247,0.182211,1.444983,0.191543 
10/03/2008 00:00,733477.000000,161.000000,1,1,4,0.296019,0.210169,0.181802,1.442979,0.191443 
11/03/2008 00:00,733478.000000,162.000000,1,1,4,0.299544,0.219689,0.184259,1.451501,0.191819 
11/03/2008 00:00,733478.000000,162.000000,1,1,4,0.296000,0.212780,0.182619,1.444872,0.191512 
11/03/2008 00:00,733478.000000,162.000000,1,1,4,0.294634,0.210701,0.182203,1.442863,0.191411 
12/03/2008 00:00,733479.000000,163.000000,1,1,4,0.298257,0.220154,0.184673,1.451424,0.191792 
12/03/2008 00:00,733479.000000,163.000000,1,1,4,0.294648,0.213265,0.183016,1.444771,0.191482 
12/03/2008 00:00,733479.000000,163.000000,1,1,4,0.293263,0.211187,0.182596,1.442755,0.191380 
13/03/2008 00:00,733480.000000,164.000000,1,1,4,0.296980,0.220577,0.185078,1.451356,0.191765 
13/03/2008 00:00,733480.000000,164.000000,1,1,4,0.293308,0.213709,0.183404,1.444678,0.191452 
13/03/2008 00:00,733480.000000,164.000000,1,1,4,0.291904,0.211632,0.182978,1.442656,0.191349 
14/03/2008 00:00,733481.000000,165.000000,1,1,4,0.295713,0.220962,0.185473,1.451295,0.191738 
14/03/2008 00:00,733481.000000,165.000000,1,1,4,0.291980,0.214114,0.183783,1.444593,0.191422 
14/03/2008 00:00,733481.000000,165.000000,1,1,4,0.290558,0.212039,0.183351,1.442564,0.191319 
15/03/2008 00:00,733482.000000,166.000000,1,1,4,0.294456,0.221315,0.185860,1.451242,0.191712 
15/03/2008 00:00,733482.000000,166.000000,1,1,4,0.290664,0.214486,0.184152,1.444516,0.191393 
15/03/2008 00:00,733482.000000,166.000000,1,1,4,0.289225,0.212412,0.183715,1.442481,0.191289 
16/03/2008 00:00,733483.000000,167.000000,1,1,4,0.293197,0.221636,0.186237,1.451196,0.191686 
16/03/2008 00:00,733483.000000,167.000000,1,1,4,0.289350,0.214826,0.184513,1.444446,0.191365 
16/03/2008 00:00,733483.000000,167.000000,1,1,4,0.287893,0.212755,0.184069,1.442405,0.191260 
17/03/2008 00:00,733484.000000,168.000000,1,1,4,0.291947,0.221929,0.186605,1.451158,0.191661 
17/03/2008 00:00,733484.000000,168.000000,1,1,4,0.288045,0.215139,0.184864,1.444383,0.191336 
17/03/2008 00:00,733484.000000,168.000000,1,1,4,0.286573,0.213069,0.184415,1.442336,0.191231 
18/03/2008 00:00,733485.000000,169.000000,1,1,4,0.290725,0.222197,0.186964,1.451125,0.191636 
18/03/2008 00:00,733485.000000,169.000000,1,1,4,0.286770,0.215426,0.185207,1.444327,0.191309 
18/03/2008 00:00,733485.000000,169.000000,1,1,4,0.285283,0.213360,0.184752,1.442274,0.191203 
19/03/2008 00:00,733486.000000,170.000000,1,1,4,0.289530,0.222443,0.187315,1.451100,0.191611 
19/03/2008 00:00,733486.000000,170.000000,1,1,4,0.285524,0.215691,0.185541,1.444277,0.191281 
19/03/2008 00:00,733486.000000,170.000000,1,1,4,0.284021,0.213629,0.185081,1.442218,0.191175 
20/03/2008 00:00,733487.000000,171.000000,1,1,4,0.288356,0.222668,0.187658,1.451080,0.191587 
20/03/2008 00:00,733487.000000,171.000000,1,1,4,0.284299,0.215936,0.185866,1.444234,0.191254 
20/03/2008 00:00,733487.000000,171.000000,1,1,4,0.282781,0.213877,0.185401,1.442168,0.191147 
21/03/2008 00:00,733488.000000,172.000000,1,1,4,0.287198,0.222873,0.187992,1.451066,0.191563 
21/03/2008 00:00,733488.000000,172.000000,1,1,4,0.283092,0.216161,0.186184,1.444197,0.191228 
21/03/2008 00:00,733488.000000,172.000000,1,1,4,0.281560,0.214106,0.185713,1.442125,0.191120 
22/03/2008 00:00,733489.000000,173.000000,1,1,4,0.286056,0.223062,0.188317,1.451059,0.191540 
22/03/2008 00:00,733489.000000,173.000000,1,1,4,0.281902,0.216370,0.186494,1.444165,0.191202 
22/03/2008 00:00,733489.000000,173.000000,1,1,4,0.280357,0.214319,0.186017,1.442087,0.191093 
23/03/2008 00:00,733490.000000,174.000000,1,1,4,0.284929,0.223235,0.188635,1.451056,0.191517 
23/03/2008 00:00,733490.000000,174.000000,1,1,4,0.280727,0.216563,0.186796,1.444139,0.191176 
23/03/2008 00:00,733490.000000,174.000000,1,1,4,0.279169,0.214517,0.186314,1.442055,0.191067 
24/03/2008 00:00,733491.000000,175.000000,1,1,4,0.283814,0.223393,0.188945,1.451059,0.191494 
24/03/2008 00:00,733491.000000,175.000000,1,1,4,0.279568,0.216741,0.187090,1.444118,0.191151 
24/03/2008 00:00,733491.000000,175.000000,1,1,4,0.277997,0.214700,0.186603,1.442028,0.191041 
25/03/2008 00:00,733492.000000,176.000000,1,1,4,0.282714,0.223538,0.189248,1.451067,0.191472 
25/03/2008 00:00,733492.000000,176.000000,1,1,4,0.278423,0.216907,0.187377,1.444103,0.191127 
25/03/2008 00:00,733492.000000,176.000000,1,1,4,0.276840,0.214871,0.186885,1.442006,0.191016 
26/03/2008 00:00,733493.000000,177.000000,1,1,4,0.281625,0.223671,0.189543,1.451080,0.191451 
26/03/2008 00:00,733493.000000,177.000000,1,1,4,0.277292,0.217061,0.187657,1.444092,0.191102 
26/03/2008 00:00,733493.000000,177.000000,1,1,4,0.275698,0.215030,0.187160,1.441989,0.190991 
27/03/2008 00:00,733494.000000,178.000000,1,1,4,0.280549,0.223795,0.189830,1.451097,0.191430 
27/03/2008 00:00,733494.000000,178.000000,1,1,4,0.276174,0.217205,0.187929,1.444086,0.191079 
27/03/2008 00:00,733494.000000,178.000000,1,1,4,0.274568,0.215180,0.187428,1.441977,0.190966 
28/03/2008 00:00,733495.000000,179.000000,1,1,4,0.279481,0.223908,0.190111,1.451119,0.191409 
28/03/2008 00:00,733495.000000,179.000000,1,1,4,0.275066,0.217339,0.188195,1.444085,0.191055 
28/03/2008 00:00,733495.000000,179.000000,1,1,4,0.273450,0.215319,0.187689,1.441970,0.190942 
29/03/2008 00:00,733496.000000,180.000000,1,1,4,0.278421,0.224011,0.190385,1.451145,0.191388 
29/03/2008 00:00,733496.000000,180.000000,1,1,4,0.273968,0.217462,0.188455,1.444088,0.191032 
29/03/2008 00:00,733496.000000,180.000000,1,1,4,0.272342,0.215449,0.187944,1.441967,0.190919 
30/03/2008 00:00,733497.000000,181.000000,1,1,4,0.277374,0.224104,0.190651,1.451176,0.191368 
30/03/2008 00:00,733497.000000,181.000000,1,1,4,0.272883,0.217577,0.188708,1.444095,0.191010 
30/03/2008 00:00,733497.000000,181.000000,1,1,4,0.271247,0.215570,0.188192,1.441968,0.190896 
31/03/2008 00:00,733498.000000,182.000000,1,1,4,0.276333,0.224188,0.190912,1.451211,0.191349 
31/03/2008 00:00,733498.000000,182.000000,1,1,4,0.271806,0.217683,0.188954,1.444107,0.190988 
31/03/2008 00:00,733498.000000,182.000000,1,1,4,0.270162,0.215682,0.188434,1.441973,0.190873 
01/04/2008 00:00,733499.000000,183.000000,1,1,4,0.275307,0.224264,0.191165,1.451249,0.191330 
01/04/2008 00:00,733499.000000,183.000000,1,1,4,0.270745,0.217781,0.189195,1.444122,0.190966 
01/04/2008 00:00,733499.000000,183.000000,1,1,4,0.269092,0.215787,0.188670,1.441982,0.190851 
02/04/2008 00:00,733500.000000,184.000000,1,1,4,0.274301,0.224333,0.191413,1.451292,0.191311 
02/04/2008 00:00,733500.000000,184.000000,1,1,4,0.269706,0.217872,0.189429,1.444141,0.190945 
02/04/2008 00:00,733500.000000,184.000000,1,1,4,0.268044,0.215884,0.188901,1.441995,0.190829 
03/04/2008 00:00,733501.000000,185.000000,1,1,4,0.273311,0.224395,0.191654,1.451337,0.191293 
03/04/2008 00:00,733501.000000,185.000000,1,1,4,0.268683,0.217957,0.189658,1.444164,0.190924 
03/04/2008 00:00,733501.000000,185.000000,1,1,4,0.267013,0.215976,0.189125,1.442011,0.190807 
04/04/2008 00:00,733502.000000,186.000000,1,1,4,0.272334,0.224451,0.191889,1.451387,0.191275 
04/04/2008 00:00,733502.000000,186.000000,1,1,4,0.267674,0.218035,0.189881,1.444190,0.190904 
04/04/2008 00:00,733502.000000,186.000000,1,1,4,0.265996,0.216061,0.189344,1.442031,0.190786 
05/04/2008 00:00,733503.000000,187.000000,1,1,4,0.271368,0.224501,0.192119,1.451440,0.191257 
05/04/2008 00:00,733503.000000,187.000000,1,1,4,0.266677,0.218108,0.190099,1.444220,0.190884 
05/04/2008 00:00,733503.000000,187.000000,1,1,4,0.264992,0.216140,0.189558,1.442054,0.190766 
06/04/2008 00:00,733504.000000,188.000000,1,1,4,0.270412,0.224545,0.192342,1.451496,0.191240 
06/04/2008 00:00,733504.000000,188.000000,1,1,4,0.265692,0.218175,0.190311,1.444253,0.190864 
06/04/2008 00:00,733504.000000,188.000000,1,1,4,0.264000,0.216214,0.189766,1.442081,0.190746 
07/04/2008 00:00,733505.000000,189.000000,1,1,4,0.269466,0.224585,0.192560,1.451555,0.191223 
07/04/2008 00:00,733505.000000,189.000000,1,1,4,0.264717,0.218237,0.190518,1.444289,0.190845 
07/04/2008 00:00,733505.000000,189.000000,1,1,4,0.263019,0.216284,0.189970,1.442111,0.190726 
08/04/2008 00:00,733506.000000,190.000000,1,1,4,0.268526,0.224620,0.192773,1.451617,0.191207 
08/04/2008 00:00,733506.000000,190.000000,1,1,4,0.263751,0.218294,0.190720,1.444328,0.190826 
08/04/2008 00:00,733506.000000,190.000000,1,1,4,0.262047,0.216348,0.190168,1.442143,0.190706 
09/04/2008 00:00,733507.000000,191.000000,1,1,4,0.267595,0.224650,0.192980,1.451682,0.191191 
09/04/2008 00:00,733507.000000,191.000000,1,1,4,0.262795,0.218347,0.190917,1.444370,0.190808 
09/04/2008 00:00,733507.000000,191.000000,1,1,4,0.261085,0.216408,0.190361,1.442179,0.190688 
10/04/2008 00:00,733508.000000,192.000000,1,1,4,0.266672,0.224677,0.193183,1.451750,0.191175 
10/04/2008 00:00,733508.000000,192.000000,1,1,4,0.261848,0.218396,0.191109,1.444415,0.190790 
10/04/2008 00:00,733508.000000,192.000000,1,1,4,0.260133,0.216464,0.190550,1.442218,0.190669 
11/04/2008 00:00,733509.000000,193.000000,1,1,4,0.265754,0.224699,0.193380,1.451821,0.191160 
11/04/2008 00:00,733509.000000,193.000000,1,1,4,0.260908,0.218441,0.191297,1.444462,0.190773 
11/04/2008 00:00,733509.000000,193.000000,1,1,4,0.259189,0.216516,0.190734,1.442259,0.190651 
12/04/2008 00:00,733510.000000,194.000000,1,1,4,0.264847,0.224716,0.193572,1.451894,0.191145 
12/04/2008 00:00,733510.000000,194.000000,1,1,4,0.259979,0.218481,0.191480,1.444513,0.190755 
12/04/2008 00:00,733510.000000,194.000000,1,1,4,0.258256,0.216563,0.190914,1.442303,0.190633 
13/04/2008 00:00,733511.000000,195.000000,1,1,4,0.263950,0.224729,0.193760,1.451970,0.191130 
13/04/2008 00:00,733511.000000,195.000000,1,1,4,0.259062,0.218517,0.191658,1.444565,0.190739 
13/04/2008 00:00,733511.000000,195.000000,1,1,4,0.257337,0.216607,0.191089,1.442350,0.190616 
14/04/2008 00:00,733512.000000,196.000000,1,1,4,0.263062,0.224738,0.193942,1.452049,0.191116 
14/04/2008 00:00,733512.000000,196.000000,1,1,4,0.258156,0.218549,0.191832,1.444621,0.190722 
14/04/2008 00:00,733512.000000,196.000000,1,1,4,0.256427,0.216647,0.191260,1.442399,0.190599 
15/04/2008 00:00,733513.000000,197.000000,1,1,4,0.262183,0.224743,0.194120,1.452130,0.191102 
15/04/2008 00:00,733513.000000,197.000000,1,1,4,0.257259,0.218578,0.192002,1.444678,0.190706 
15/04/2008 00:00,733513.000000,197.000000,1,1,4,0.255529,0.216683,0.191427,1.442450,0.190582 
16/04/2008 00:00,733514.000000,198.000000,1,1,4,0.261312,0.224744,0.194294,1.452213,0.191089 
16/04/2008 00:00,733514.000000,198.000000,1,1,4,0.256372,0.218603,0.192167,1.444739,0.190691 
16/04/2008 00:00,733514.000000,198.000000,1,1,4,0.254640,0.216715,0.191590,1.442504,0.190566 
17/04/2008 00:00,733515.000000,199.000000,1,1,4,0.260448,0.224742,0.194463,1.452298,0.191076 
17/04/2008 00:00,733515.000000,199.000000,1,1,4,0.255494,0.218624,0.192329,1.444801,0.190675 
17/04/2008 00:00,733515.000000,199.000000,1,1,4,0.253760,0.216744,0.191749,1.442560,0.190550 
18/04/2008 00:00,733516.000000,200.000000,1,1,4,0.259593,0.224737,0.194628,1.452385,0.191063 
18/04/2008 00:00,733516.000000,200.000000,1,1,4,0.254625,0.218643,0.192487,1.444865,0.190660 
18/04/2008 00:00,733516.000000,200.000000,1,1,4,0.252891,0.216770,0.191904,1.442618,0.190534 
19/04/2008 00:00,733517.000000,201.000000,1,1,4,0.258745,0.224728,0.194789,1.452475,0.191051 
19/04/2008 00:00,733517.000000,201.000000,1,1,4,0.253766,0.218658,0.192641,1.444932,0.190646 
19/04/2008 00:00,733517.000000,201.000000,1,1,4,0.252030,0.216792,0.192055,1.442678,0.190519 
20/04/2008 00:00,733518.000000,202.000000,1,1,4,0.257906,0.224716,0.194946,1.452566,0.191039 
20/04/2008 00:00,733518.000000,202.000000,1,1,4,0.252915,0.218669,0.192791,1.445000,0.190632 
20/04/2008 00:00,733518.000000,202.000000,1,1,4,0.251180,0.216812,0.192203,1.442740,0.190504 
21/04/2008 00:00,733519.000000,203.000000,1,1,4,0.257074,0.224701,0.195099,1.452660,0.191027 
21/04/2008 00:00,733519.000000,203.000000,1,1,4,0.252074,0.218678,0.192937,1.445071,0.190618 
21/04/2008 00:00,733519.000000,203.000000,1,1,4,0.250339,0.216828,0.192347,1.442804,0.190490 
22/04/2008 00:00,733520.000000,204.000000,1,1,4,0.256250,0.224684,0.195248,1.452755,0.191016 
22/04/2008 00:00,733520.000000,204.000000,1,1,4,0.251242,0.218684,0.193080,1.445143,0.190604 
22/04/2008 00:00,733520.000000,204.000000,1,1,4,0.249508,0.216841,0.192488,1.442870,0.190476 
23/04/2008 00:00,733521.000000,205.000000,1,1,4,0.255435,0.224663,0.195393,1.452852,0.191004 
23/04/2008 00:00,733521.000000,205.000000,1,1,4,0.250419,0.218687,0.193219,1.445217,0.190591 
23/04/2008 00:00,733521.000000,205.000000,1,1,4,0.248686,0.216852,0.192625,1.442938,0.190462 
24/04/2008 00:00,733522.000000,206.000000,1,1,4,0.254628,0.224639,0.195534,1.452951,0.190994 
24/04/2008 00:00,733522.000000,206.000000,1,1,4,0.249605,0.218687,0.193355,1.445293,0.190578 
24/04/2008 00:00,733522.000000,206.000000,1,1,4,0.247874,0.216859,0.192758,1.443008,0.190449 
25/04/2008 00:00,733523.000000,207.000000,1,1,4,0.253829,0.224613,0.195672,1.453051,0.190983 
25/04/2008 00:00,733523.000000,207.000000,1,1,4,0.248802,0.218684,0.193487,1.445371,0.190566 
25/04/2008 00:00,733523.000000,207.000000,1,1,4,0.247072,0.216864,0.192889,1.443079,0.190436 
26/04/2008 00:00,733524.000000,208.000000,1,1,4,0.253039,0.224584,0.195806,1.453153,0.190973 
26/04/2008 00:00,733524.000000,208.000000,1,1,4,0.248008,0.218679,0.193616,1.445450,0.190553 
26/04/2008 00:00,733524.000000,208.000000,1,1,4,0.246281,0.216866,0.193016,1.443152,0.190423 
27/04/2008 00:00,733525.000000,209.000000,1,1,4,0.252258,0.224553,0.195936,1.453257,0.190963 
27/04/2008 00:00,733525.000000,209.000000,1,1,4,0.247224,0.218671,0.193742,1.445531,0.190542 
27/04/2008 00:00,733525.000000,209.000000,1,1,4,0.245499,0.216866,0.193140,1.443227,0.190411 
28/04/2008 00:00,733526.000000,210.000000,1,1,4,0.251486,0.224519,0.196063,1.453362,0.190954 
28/04/2008 00:00,733526.000000,210.000000,1,1,4,0.246450,0.218660,0.193865,1.445614,0.190530 
28/04/2008 00:00,733526.000000,210.000000,1,1,4,0.244729,0.216862,0.193261,1.443303,0.190399 
29/04/2008 00:00,733527.000000,211.000000,1,1,4,0.250724,0.224482,0.196187,1.453469,0.190945 
29/04/2008 00:00,733527.000000,211.000000,1,1,4,0.245687,0.218647,0.193985,1.445698,0.190519 
29/04/2008 00:00,733527.000000,211.000000,1,1,4,0.243969,0.216857,0.193380,1.443380,0.190387 
30/04/2008 00:00,733528.000000,212.000000,1,1,4,0.249972,0.224443,0.196308,1.453577,0.190936 
30/04/2008 00:00,733528.000000,212.000000,1,1,4,0.244934,0.218632,0.194102,1.445783,0.190508 
30/04/2008 00:00,733528.000000,212.000000,1,1,4,0.243220,0.216848,0.193495,1.443459,0.190375 
01/05/2008 00:00,733529.000000,213.000000,1,1,4,0.249228,0.224402,0.196425,1.453686,0.190927 
01/05/2008 00:00,733529.000000,213.000000,1,1,4,0.244191,0.218613,0.194216,1.445870,0.190497 
01/05/2008 00:00,733529.000000,213.000000,1,1,4,0.242481,0.216837,0.193607,1.443540,0.190364 
02/05/2008 00:00,733530.000000,214.000000,1,1,4,0.248480,0.224358,0.196539,1.453797,0.190919 
02/05/2008 00:00,733530.000000,214.000000,1,1,4,0.243447,0.218593,0.194327,1.445958,0.190487 
02/05/2008 00:00,733530.000000,214.000000,1,1,4,0.241741,0.216824,0.193717,1.443621,0.190353 
03/05/2008 00:00,733531.000000,215.000000,1,1,4,0.247759,0.224312,0.196651,1.453909,0.190911 
03/05/2008 00:00,733531.000000,215.000000,1,1,4,0.242728,0.218570,0.194435,1.446047,0.190477 
03/05/2008 00:00,733531.000000,215.000000,1,1,4,0.241026,0.216808,0.193824,1.443704,0.190343 
04/05/2008 00:00,733532.000000,216.000000,1,1,4,0.247053,0.224264,0.196759,1.454022,0.190904 
04/05/2008 00:00,733532.000000,216.000000,1,1,4,0.242021,0.218544,0.194540,1.446138,0.190468 
04/05/2008 00:00,733532.000000,216.000000,1,1,4,0.240325,0.216790,0.193928,1.443789,0.190333 
05/05/2008 00:00,733533.000000,217.000000,1,1,4,0.246362,0.224213,0.196864,1.454136,0.190896 
05/05/2008 00:00,733533.000000,217.000000,1,1,4,0.241329,0.218517,0.194643,1.446230,0.190458 
05/05/2008 00:00,733533.000000,217.000000,1,1,4,0.239637,0.216770,0.194029,1.443874,0.190323 
06/05/2008 00:00,733534.000000,218.000000,1,1,4,0.245690,0.224161,0.196966,1.454252,0.190889 
06/05/2008 00:00,733534.000000,218.000000,1,1,4,0.240653,0.218487,0.194743,1.446323,0.190449 
06/05/2008 00:00,733534.000000,218.000000,1,1,4,0.238964,0.216747,0.194128,1.443961,0.190313 
07/05/2008 00:00,733535.000000,219.000000,1,1,4,0.245044,0.224107,0.197066,1.454368,0.190882 
07/05/2008 00:00,733535.000000,219.000000,1,1,4,0.239996,0.218455,0.194840,1.446417,0.190440 
07/05/2008 00:00,733535.000000,219.000000,1,1,4,0.238309,0.216722,0.194225,1.444049,0.190304 
08/05/2008 00:00,733536.000000,220.000000,1,1,4,0.244437,0.224051,0.197163,1.454486,0.190876 
08/05/2008 00:00,733536.000000,220.000000,1,1,4,0.239360,0.218421,0.194935,1.446512,0.190432 
08/05/2008 00:00,733536.000000,220.000000,1,1,4,0.237674,0.216695,0.194319,1.444138,0.190295 
09/05/2008 00:00,733537.000000,221.000000,1,1,4,0.243961,0.223994,0.197257,1.454604,0.190869 
09/05/2008 00:00,733537.000000,221.000000,1,1,4,0.238757,0.218385,0.195028,1.446608,0.190424 
09/05/2008 00:00,733537.000000,221.000000,1,1,4,0.237067,0.216666,0.194410,1.444228,0.190286 
10/05/2008 00:00,733538.000000,222.000000,1,1,4,0.247569,0.223956,0.197348,1.454724,0.190863 
10/05/2008 00:00,733538.000000,222.000000,1,1,4,0.238212,0.218348,0.195118,1.446705,0.190416 
10/05/2008 00:00,733538.000000,222.000000,1,1,4,0.236502,0.216635,0.194499,1.444319,0.190278 
11/05/2008 00:00,733539.000000,223.000000,1,1,4,0.248261,0.223924,0.197438,1.454844,0.190858 
11/05/2008 00:00,733539.000000,223.000000,1,1,4,0.238082,0.218311,0.195205,1.446804,0.190408 
11/05/2008 00:00,733539.000000,223.000000,1,1,4,0.236047,0.216602,0.194586,1.444411,0.190269 
12/05/2008 00:00,733540.000000,224.000000,1,1,4,0.400000,0.351910,0.200188,1.454996,0.190852 
12/05/2008 00:00,733540.000000,224.000000,1,1,4,0.238716,0.218278,0.195291,1.446903,0.190400 
12/05/2008 00:00,733540.000000,224.000000,1,1,4,0.238185,0.216582,0.194671,1.444504,0.190262 
13/05/2008 00:00,733541.000000,225.000000,1,1,4,0.400000,0.393529,0.235682,1.460887,0.190854 
13/05/2008 00:00,733541.000000,225.000000,1,1,4,0.400000,0.348840,0.197331,1.447026,0.190393 
13/05/2008 00:00,733541.000000,225.000000,1,1,4,0.238889,0.216566,0.194754,1.444598,0.190254 
14/05/2008 00:00,733542.000000,226.000000,1,1,4,0.400000,0.398856,0.316422,1.474782,0.190872 
14/05/2008 00:00,733542.000000,226.000000,1,1,4,0.400000,0.389339,0.231404,1.451315,0.190392 
14/05/2008 00:00,733542.000000,226.000000,1,1,4,0.399860,0.344203,0.195793,1.444701,0.190247 
15/05/2008 00:00,733543.000000,227.000000,1,1,4,0.362833,0.377217,0.356677,1.522254,0.190922 
15/05/2008 00:00,733543.000000,227.000000,1,1,4,0.377843,0.380382,0.298193,1.463955,0.190405 
15/05/2008 00:00,733543.000000,227.000000,1,1,4,0.381123,0.366143,0.227235,1.449372,0.190245 
16/05/2008 00:00,733544.000000,228.000000,1,1,4,0.334319,0.340872,0.295610,1.635807,0.194290 
16/05/2008 00:00,733544.000000,228.000000,1,1,4,0.349917,0.360935,0.314840,1.496309,0.190446 
16/05/2008 00:00,733544.000000,228.000000,1,1,4,0.347156,0.345521,0.261049,1.462894,0.190260 
17/05/2008 00:00,733545.000000,229.000000,1,1,4,0.323257,0.334152,0.294133,1.645507,0.194353 
17/05/2008 00:00,733545.000000,229.000000,1,1,4,0.335903,0.348263,0.305940,1.537832,0.194120 
17/05/2008 00:00,733545.000000,229.000000,1,1,4,0.332885,0.336545,0.271569,1.486367,0.190302 
18/05/2008 00:00,733546.000000,230.000000,1,1,4,0.313366,0.327606,0.291338,1.655157,0.194429 
18/05/2008 00:00,733546.000000,230.000000,1,1,4,0.324503,0.338457,0.298579,1.556283,0.194146 
18/05/2008 00:00,733546.000000,230.000000,1,1,4,0.321049,0.329521,0.276202,1.505965,0.194070 
19/05/2008 00:00,733547.000000,231.000000,1,1,4,0.304596,0.321481,0.288255,1.663902,0.194512 
19/05/2008 00:00,733547.000000,231.000000,1,1,4,0.314785,0.330438,0.293184,1.569900,0.194177 
19/05/2008 00:00,733547.000000,231.000000,1,1,4,0.311110,0.323283,0.277537,1.511427,0.194077 
20/05/2008 00:00,733548.000000,232.000000,1,1,4,0.296277,0.315721,0.285069,1.671815,0.194606 
20/05/2008 00:00,733548.000000,232.000000,1,1,4,0.305628,0.323262,0.288250,1.581473,0.194220 
20/05/2008 00:00,733548.000000,232.000000,1,1,4,0.301825,0.317439,0.276903,1.517636,0.194088 
21/05/2008 00:00,733549.000000,233.000000,1,1,4,0.288789,0.310376,0.282011,1.678819,0.194709 
21/05/2008 00:00,733549.000000,233.000000,1,1,4,0.297480,0.316980,0.284284,1.590716,0.194267 
21/05/2008 00:00,733549.000000,233.000000,1,1,4,0.293646,0.312021,0.275344,1.523814,0.194102 
22/05/2008 00:00,733550.000000,234.000000,1,1,4,0.283015,0.305611,0.279109,1.685009,0.194820 
22/05/2008 00:00,733550.000000,234.000000,1,1,4,0.291101,0.311443,0.280520,1.598866,0.194324 
22/05/2008 00:00,733550.000000,234.000000,1,1,4,0.287298,0.307104,0.273175,1.529895,0.194121 
23/05/2008 00:00,733551.000000,235.000000,1,1,4,0.277109,0.301236,0.276428,1.690457,0.194939 
23/05/2008 00:00,733551.000000,235.000000,1,1,4,0.284675,0.306523,0.277393,1.605584,0.194383 
23/05/2008 00:00,733551.000000,235.000000,1,1,4,0.280960,0.302653,0.271084,1.535232,0.194142 
24/05/2008 00:00,733552.000000,236.000000,1,1,4,0.271097,0.297131,0.273953,1.695281,0.195064 
24/05/2008 00:00,733552.000000,236.000000,1,1,4,0.278194,0.301922,0.274445,1.611603,0.194452 
24/05/2008 00:00,733552.000000,236.000000,1,1,4,0.274554,0.298353,0.268711,1.540480,0.194170 
25/05/2008 00:00,733553.000000,237.000000,1,1,4,0.267200,0.293432,0.271669,1.699583,0.195195 
25/05/2008 00:00,733553.000000,237.000000,1,1,4,0.273860,0.297852,0.271899,1.616748,0.194522 
25/05/2008 00:00,733553.000000,237.000000,1,1,4,0.270356,0.294615,0.266818,1.544747,0.194195 
26/05/2008 00:00,733554.000000,238.000000,1,1,4,0.400000,0.296009,0.269808,1.703422,0.195331 
26/05/2008 00:00,733554.000000,238.000000,1,1,4,0.400000,0.300624,0.269788,1.621384,0.194599 
26/05/2008 00:00,733554.000000,238.000000,1,1,4,0.400000,0.297051,0.264762,1.549248,0.194232 
27/05/2008 00:00,733555.000000,239.000000,1,1,4,0.400000,0.398506,0.270845,1.706909,0.195469 
27/05/2008 00:00,733555.000000,239.000000,1,1,4,0.400000,0.399193,0.270887,1.625463,0.194676 
27/05/2008 00:00,733555.000000,239.000000,1,1,4,0.400000,0.398506,0.265997,1.552521,0.194259 
28/05/2008 00:00,733556.000000,240.000000,1,1,4,0.400000,0.400000,0.379666,1.711799,0.195611 
28/05/2008 00:00,733556.000000,240.000000,1,1,4,0.400000,0.400000,0.384834,1.631024,0.194758 
28/05/2008 00:00,733556.000000,240.000000,1,1,4,0.400000,0.400000,0.377591,1.558318,0.194307 
29/05/2008 00:00,733557.000000,241.000000,1,1,4,0.382948,0.379652,0.351309,1.990447,0.195878 
29/05/2008 00:00,733557.000000,241.000000,1,1,4,0.369838,0.362469,0.330646,1.974359,0.194974 
29/05/2008 00:00,733557.000000,241.000000,1,1,4,0.389536,0.384826,0.352130,1.834102,0.194422 
30/05/2008 00:00,733558.000000,242.000000,1,1,4,0.340844,0.351491,0.323459,2.059994,0.196495 
30/05/2008 00:00,733558.000000,242.000000,1,1,4,0.341648,0.349955,0.318537,2.006544,0.195529 
30/05/2008 00:00,733558.000000,242.000000,1,1,4,0.340076,0.350966,0.320885,1.918136,0.194747 
31/05/2008 00:00,733559.000000,243.000000,1,1,4,0.324774,0.339521,0.314399,2.081839,0.197268 
31/05/2008 00:00,733559.000000,243.000000,1,1,4,0.325337,0.339092,0.311591,2.025592,0.196153 
31/05/2008 00:00,733559.000000,243.000000,1,1,4,0.324617,0.339142,0.310807,1.941188,0.195162 
01/06/2008 00:00,733560.000000,244.000000,1,1,4,0.313005,0.330352,0.307982,2.096356,0.198099 
01/06/2008 00:00,733560.000000,244.000000,1,1,4,0.313481,0.330221,0.305851,2.039479,0.196821 
01/06/2008 00:00,733560.000000,244.000000,1,1,4,0.313154,0.330139,0.304284,1.956115,0.195623 
02/06/2008 00:00,733561.000000,245.000000,1,1,4,0.303423,0.322790,0.302878,2.107112,0.198967 
02/06/2008 00:00,733561.000000,245.000000,1,1,4,0.303860,0.322768,0.301039,2.050130,0.197524 
02/06/2008 00:00,733561.000000,245.000000,1,1,4,0.303764,0.322676,0.299183,1.967283,0.196116 
03/06/2008 00:00,733562.000000,246.000000,1,1,4,0.400000,0.327297,0.299610,2.115574,0.199863 
03/06/2008 00:00,733562.000000,246.000000,1,1,4,0.400000,0.327195,0.297873,2.058658,0.198254 
03/06/2008 00:00,733562.000000,246.000000,1,1,4,0.400000,0.326954,0.295834,1.976173,0.196636 
04/06/2008 00:00,733563.000000,247.000000,1,1,4,0.400000,0.399546,0.303363,2.123100,0.200775 
04/06/2008 00:00,733563.000000,247.000000,1,1,4,0.400000,0.399712,0.301567,2.066273,0.199004 
04/06/2008 00:00,733563.000000,247.000000,1,1,4,0.400000,0.399459,0.299198,1.984043,0.197176 
05/06/2008 00:00,733564.000000,248.000000,1,1,4,0.400000,0.400000,0.400000,2.137174,0.201702 
05/06/2008 00:00,733564.000000,248.000000,1,1,4,0.400000,0.400000,0.400000,2.080060,0.199769 
05/06/2008 00:00,733564.000000,248.000000,1,1,4,0.400000,0.400000,0.400000,1.997349,0.197735 
06/06/2008 00:00,733565.000000,249.000000,1,1,4,0.400000,0.367568,0.332742,2.847499,0.203092 
06/06/2008 00:00,733565.000000,249.000000,1,1,4,0.400000,0.363432,0.328278,2.796359,0.200942 
06/06/2008 00:00,733565.000000,249.000000,1,1,4,0.400000,0.362023,0.325273,2.741021,0.198650 
07/06/2008 00:00,733566.000000,250.000000,1,1,4,0.400000,0.400000,0.349263,2.855239,0.212034 
07/06/2008 00:00,733566.000000,250.000000,1,1,4,0.400000,0.400000,0.342725,2.802252,0.209021 
07/06/2008 00:00,733566.000000,250.000000,1,1,4,0.400000,0.400000,0.340243,2.746673,0.205911 
08/06/2008 00:00,733567.000000,251.000000,1,1,4,0.371109,0.388683,0.398776,2.886161,0.219668 
08/06/2008 00:00,733567.000000,251.000000,1,1,4,0.383526,0.397844,0.400000,2.827646,0.215945 
08/06/2008 00:00,733567.000000,251.000000,1,1,4,0.376838,0.393088,0.400000,2.770197,0.212216 
09/06/2008 00:00,733568.000000,252.000000,1,1,4,0.337448,0.323969,0.321640,3.084784,0.227247 
09/06/2008 00:00,733568.000000,252.000000,1,1,4,0.305610,0.304040,0.308069,3.094607,0.222928 
09/06/2008 00:00,733568.000000,252.000000,1,1,4,0.308953,0.300480,0.303533,3.035627,0.218599 
10/06/2008 00:00,733569.000000,253.000000,1,1,4,0.318719,0.322309,0.319048,3.081495,0.237387 
10/06/2008 00:00,733569.000000,253.000000,1,1,4,0.293380,0.302767,0.306259,3.086967,0.233911 
10/06/2008 00:00,733569.000000,253.000000,1,1,4,0.295471,0.299851,0.302110,3.028201,0.228840 
11/06/2008 00:00,733570.000000,254.000000,1,1,4,0.305074,0.318688,0.316682,3.079100,0.245893 
11/06/2008 00:00,733570.000000,254.000000,1,1,4,0.282900,0.300618,0.304595,3.081060,0.242867 
11/06/2008 00:00,733570.000000,254.000000,1,1,4,0.284096,0.298187,0.300792,3.022433,0.237226 
12/06/2008 00:00,733571.000000,255.000000,1,1,4,0.294647,0.314480,0.314303,3.077131,0.253316 
12/06/2008 00:00,733571.000000,255.000000,1,1,4,0.274310,0.298011,0.302989,3.076175,0.250530 
12/06/2008 00:00,733571.000000,255.000000,1,1,4,0.274823,0.295945,0.299492,3.017679,0.244411 
13/06/2008 00:00,733572.000000,256.000000,1,1,4,0.286263,0.310211,0.311913,3.075325,0.259970 
13/06/2008 00:00,733572.000000,256.000000,1,1,4,0.267171,0.295187,0.301410,3.071924,0.257306 
13/06/2008 00:00,733572.000000,256.000000,1,1,4,0.267171,0.293390,0.298180,3.013577,0.250762 
14/06/2008 00:00,733573.000000,257.000000,1,1,4,0.278907,0.306033,0.309551,3.073544,0.266048 
14/06/2008 00:00,733573.000000,257.000000,1,1,4,0.260801,0.292249,0.299848,3.068081,0.263435 
14/06/2008 00:00,733573.000000,257.000000,1,1,4,0.260420,0.290645,0.296849,3.009907,0.256504 
15/06/2008 00:00,733574.000000,258.000000,1,1,4,0.272152,0.301989,0.307242,3.071722,0.271672 
15/06/2008 00:00,733574.000000,258.000000,1,1,4,0.254913,0.289260,0.298301,3.064509,0.269068 
15/06/2008 00:00,733574.000000,258.000000,1,1,4,0.254253,0.287793,0.295497,3.006529,0.261780 
16/06/2008 00:00,733575.000000,259.000000,1,1,4,0.265975,0.298134,0.305006,3.069838,0.276912 
16/06/2008 00:00,733575.000000,259.000000,1,1,4,0.249554,0.286301,0.296773,3.061130,0.274294 
16/06/2008 00:00,733575.000000,259.000000,1,1,4,0.248696,0.284927,0.294133,3.003355,0.266680 
17/06/2008 00:00,733576.000000,260.000000,1,1,4,0.260384,0.294483,0.302860,3.067901,0.281803 
17/06/2008 00:00,733576.000000,260.000000,1,1,4,0.244726,0.283414,0.295275,3.057903,0.279165 
17/06/2008 00:00,733576.000000,260.000000,1,1,4,0.243726,0.282102,0.292767,3.000333,0.271260 
18/06/2008 00:00,733577.000000,261.000000,1,1,4,0.254806,0.290979,0.300808,3.065938,0.286357 
18/06/2008 00:00,733577.000000,261.000000,1,1,4,0.239888,0.280578,0.293811,3.054815,0.283701 
18/06/2008 00:00,733577.000000,261.000000,1,1,4,0.238788,0.279308,0.291410,2.997437,0.275553 
19/06/2008 00:00,733578.000000,262.000000,1,1,4,0.249582,0.287642,0.298855,3.063993,0.290566 
19/06/2008 00:00,733578.000000,262.000000,1,1,4,0.235378,0.277830,0.292388,3.051875,0.287905 
19/06/2008 00:00,733578.000000,262.000000,1,1,4,0.234207,0.276585,0.290071,2.994657,0.279569 
20/06/2008 00:00,733579.000000,263.000000,1,1,4,0.263138,0.286238,0.297154,3.062132,0.294411 
20/06/2008 00:00,733579.000000,263.000000,1,1,4,0.249959,0.276790,0.291133,3.049118,0.291765 
20/06/2008 00:00,733579.000000,263.000000,1,1,4,0.248774,0.275526,0.288872,2.992012,0.283310 
21/06/2008 00:00,733580.000000,264.000000,1,1,4,0.271127,0.285511,0.295710,3.060428,0.297872 
21/06/2008 00:00,733580.000000,264.000000,1,1,4,0.259013,0.276350,0.290055,3.046589,0.295262 
21/06/2008 00:00,733580.000000,264.000000,1,1,4,0.257853,0.275058,0.287826,2.989532,0.286765 
22/06/2008 00:00,733581.000000,265.000000,1,1,4,0.261221,0.284051,0.294411,3.058932,0.300930 
22/06/2008 00:00,733581.000000,265.000000,1,1,4,0.249828,0.275294,0.289076,3.044320,0.298379 
22/06/2008 00:00,733581.000000,265.000000,1,1,4,0.248683,0.273998,0.286866,2.987243,0.289923 
23/06/2008 00:00,733582.000000,266.000000,1,1,4,0.252862,0.282134,0.293194,3.057667,0.303579 
23/06/2008 00:00,733582.000000,266.000000,1,1,4,0.241997,0.273831,0.288154,3.042330,0.301106 
23/06/2008 00:00,733582.000000,266.000000,1,1,4,0.240838,0.272542,0.285955,2.985162,0.292771 
24/06/2008 00:00,733583.000000,267.000000,1,1,4,0.245834,0.279929,0.292023,3.056636,0.305826 
24/06/2008 00:00,733583.000000,267.000000,1,1,4,0.235394,0.272080,0.287262,3.040622,0.303446 
24/06/2008 00:00,733583.000000,267.000000,1,1,4,0.234208,0.270802,0.285067,2.983302,0.295303 
25/06/2008 00:00,733584.000000,268.000000,1,1,4,0.239600,0.277543,0.290881,3.055824,0.307692 
25/06/2008 00:00,733584.000000,268.000000,1,1,4,0.229551,0.270123,0.286385,3.039180,0.305411 
25/06/2008 00:00,733584.000000,268.000000,1,1,4,0.228331,0.268854,0.284190,2.981663,0.297516 
26/06/2008 00:00,733585.000000,269.000000,1,1,4,0.233994,0.275063,0.289760,3.055201,0.309212 
26/06/2008 00:00,733585.000000,269.000000,1,1,4,0.224328,0.268037,0.285516,3.037980,0.307029 
26/06/2008 00:00,733585.000000,269.000000,1,1,4,0.223074,0.266774,0.283316,2.980238,0.299420 
27/06/2008 00:00,733586.000000,270.000000,1,1,4,0.228983,0.272561,0.288660,3.054729,0.310426 
27/06/2008 00:00,733586.000000,270.000000,1,1,4,0.219699,0.265893,0.284654,3.036984,0.308335 
27/06/2008 00:00,733586.000000,270.000000,1,1,4,0.218414,0.264629,0.282446,2.979010,0.301028 
28/06/2008 00:00,733587.000000,271.000000,1,1,4,0.224386,0.270092,0.287588,3.054366,0.311381 
28/06/2008 00:00,733587.000000,271.000000,1,1,4,0.215494,0.263748,0.283804,3.036153,0.309371 
28/06/2008 00:00,733587.000000,271.000000,1,1,4,0.214183,0.262478,0.281583,2.977956,0.302365 
29/06/2008 00:00,733588.000000,272.000000,1,1,4,0.220370,0.267716,0.286551,3.054075,0.312120 
29/06/2008 00:00,733588.000000,272.000000,1,1,4,0.211858,0.261665,0.282971,3.035444,0.310179 
29/06/2008 00:00,733588.000000,272.000000,1,1,4,0.210524,0.260382,0.280735,2.977048,0.303459 
30/06/2008 00:00,733589.000000,273.000000,1,1,4,0.216788,0.265434,0.285553,3.053819,0.312684 
30/06/2008 00:00,733589.000000,273.000000,1,1,4,0.208637,0.259649,0.282160,3.034820,0.310799 
30/06/2008 00:00,733589.000000,273.000000,1,1,4,0.207278,0.258348,0.279904,2.976258,0.304340 
01/07/2008 00:00,733590.000000,274.000000,1,1,4,0.213628,0.263248,0.284593,3.053569,0.313110 
01/07/2008 00:00,733590.000000,274.000000,1,1,4,0.205829,0.257709,0.281371,3.034248,0.311267 
01/07/2008 00:00,733590.000000,274.000000,1,1,4,0.204446,0.256386,0.279093,2.975556,0.305040 
02/07/2008 00:00,733591.000000,275.000000,1,1,4,0.397913,0.265602,0.283973,3.053342,0.313427 
02/07/2008 00:00,733591.000000,275.000000,1,1,4,0.391242,0.259880,0.280867,3.033731,0.311617 
02/07/2008 00:00,733591.000000,275.000000,1,1,4,0.389691,0.258421,0.278544,2.974942,0.305589 
03/07/2008 00:00,733592.000000,276.000000,1,1,4,0.388341,0.342391,0.286198,3.053488,0.313669 
03/07/2008 00:00,733592.000000,276.000000,1,1,4,0.400000,0.325775,0.282799,3.033557,0.311879 
03/07/2008 00:00,733592.000000,276.000000,1,1,4,0.400000,0.321438,0.280245,2.974650,0.306019 
04/07/2008 00:00,733593.000000,277.000000,1,1,4,0.340841,0.343895,0.297838,3.055099,0.313886 
04/07/2008 00:00,733593.000000,277.000000,1,1,4,0.333317,0.345261,0.290694,3.034401,0.312097 
04/07/2008 00:00,733593.000000,277.000000,1,1,4,0.330993,0.342361,0.287270,2.975229,0.306370 
05/07/2008 00:00,733594.000000,278.000000,1,1,4,0.321465,0.334433,0.305953,3.058100,0.314116 
05/07/2008 00:00,733594.000000,278.000000,1,1,4,0.317230,0.333250,0.300829,3.036587,0.312308 
05/07/2008 00:00,733594.000000,278.000000,1,1,4,0.315258,0.330976,0.296973,2.977001,0.306678 
06/07/2008 00:00,733595.000000,279.000000,1,1,4,0.307619,0.326181,0.309087,3.062051,0.314377 
06/07/2008 00:00,733595.000000,279.000000,1,1,4,0.304622,0.324572,0.304771,3.039735,0.312537 
06/07/2008 00:00,733595.000000,279.000000,1,1,4,0.302771,0.322603,0.301019,2.979662,0.306971 
07/07/2008 00:00,733596.000000,280.000000,1,1,4,0.298068,0.319364,0.309633,3.066325,0.314669 
07/07/2008 00:00,733596.000000,280.000000,1,1,4,0.295632,0.317724,0.305954,3.043291,0.312787 
07/07/2008 00:00,733596.000000,280.000000,1,1,4,0.293853,0.315948,0.302441,2.982749,0.307260 
08/07/2008 00:00,733597.000000,281.000000,1,1,4,0.289150,0.313364,0.308863,3.070503,0.314982 
08/07/2008 00:00,733597.000000,281.000000,1,1,4,0.287027,0.311785,0.305718,3.046880,0.313055 
08/07/2008 00:00,733597.000000,281.000000,1,1,4,0.285303,0.310146,0.302468,2.985936,0.307548 
09/07/2008 00:00,733598.000000,282.000000,1,1,4,0.281084,0.307991,0.307410,3.074367,0.315304 
09/07/2008 00:00,733598.000000,282.000000,1,1,4,0.279154,0.306493,0.304703,3.050288,0.313332 
09/07/2008 00:00,733598.000000,282.000000,1,1,4,0.277471,0.304949,0.301696,2.989021,0.307833 
10/07/2008 00:00,733599.000000,283.000000,1,1,4,0.273795,0.303113,0.305628,3.077835,0.315623 
10/07/2008 00:00,733599.000000,283.000000,1,1,4,0.271995,0.301691,0.303272,3.053412,0.313610 
10/07/2008 00:00,733599.000000,283.000000,1,1,4,0.270340,0.300214,0.300470,2.991898,0.308111 
11/07/2008 00:00,733600.000000,284.000000,1,1,4,0.267089,0.298638,0.303708,3.080888,0.315930 
11/07/2008 00:00,733600.000000,284.000000,1,1,4,0.265384,0.297286,0.301629,3.056211,0.313881 
11/07/2008 00:00,733600.000000,284.000000,1,1,4,0.263744,0.295856,0.298995,2.994515,0.308379 
12/07/2008 00:00,733601.000000,285.000000,1,1,4,0.260055,0.294440,0.301753,3.083536,0.316219 
12/07/2008 00:00,733601.000000,285.000000,1,1,4,0.258435,0.293154,0.299892,3.058672,0.314139 
12/07/2008 00:00,733601.000000,285.000000,1,1,4,0.256824,0.291760,0.297390,2.996849,0.308633 
13/07/2008 00:00,733602.000000,286.000000,1,1,4,0.254177,0.290597,0.299838,3.085804,0.316485 
13/07/2008 00:00,733602.000000,286.000000,1,1,4,0.252624,0.289367,0.298148,3.060808,0.314380 
13/07/2008 00:00,733602.000000,286.000000,1,1,4,0.251032,0.287999,0.295745,2.998901,0.308870 
14/07/2008 00:00,733603.000000,287.000000,1,1,4,0.249366,0.287082,0.298006,3.087732,0.316726 
14/07/2008 00:00,733603.000000,287.000000,1,1,4,0.247866,0.285899,0.296449,3.062642,0.314600 
14/07/2008 00:00,733603.000000,287.000000,1,1,4,0.246277,0.284546,0.294119,3.000687,0.309089 
15/07/2008 00:00,733604.000000,288.000000,1,1,4,0.244944,0.283826,0.296273,3.089355,0.316940 
15/07/2008 00:00,733604.000000,288.000000,1,1,4,0.243493,0.282685,0.294821,3.064204,0.314800 
15/07/2008 00:00,733604.000000,288.000000,1,1,4,0.241898,0.281338,0.292540,3.002229,0.309288 
16/07/2008 00:00,733605.000000,289.000000,1,1,4,0.239817,0.280686,0.294636,3.090705,0.317129 
16/07/2008 00:00,733605.000000,289.000000,1,1,4,0.238420,0.279584,0.293265,3.065517,0.314977 
16/07/2008 00:00,733605.000000,289.000000,1,1,4,0.236840,0.278240,0.291015,3.003545,0.309468 
17/07/2008 00:00,733606.000000,290.000000,1,1,4,0.234989,0.277686,0.293094,3.091805,0.317293 
17/07/2008 00:00,733606.000000,290.000000,1,1,4,0.233644,0.276619,0.291786,3.066599,0.315133 
17/07/2008 00:00,733606.000000,290.000000,1,1,4,0.232073,0.275275,0.289553,3.004652,0.309627 
18/07/2008 00:00,733607.000000,291.000000,1,1,4,0.230699,0.274855,0.291648,3.092678,0.317432 
18/07/2008 00:00,733607.000000,291.000000,1,1,4,0.229400,0.273819,0.290389,3.067470,0.315268 
18/07/2008 00:00,733607.000000,291.000000,1,1,4,0.227834,0.272470,0.288160,3.005564,0.309768 
19/07/2008 00:00,733608.000000,292.000000,1,1,4,0.226624,0.272167,0.290295,3.093343,0.317549 
19/07/2008 00:00,733608.000000,292.000000,1,1,4,0.225369,0.271158,0.289074,3.068148,0.315383 
19/07/2008 00:00,733608.000000,292.000000,1,1,4,0.223802,0.269799,0.286837,3.006297,0.309890 
20/07/2008 00:00,733609.000000,293.000000,1,1,4,0.222769,0.269606,0.289029,3.093818,0.317645 
20/07/2008 00:00,733609.000000,293.000000,1,1,4,0.221555,0.268620,0.287836,3.068647,0.315479 
20/07/2008 00:00,733609.000000,293.000000,1,1,4,0.219981,0.267247,0.285585,3.006864,0.309994 
21/07/2008 00:00,733610.000000,294.000000,1,1,4,0.219015,0.267156,0.287844,3.094119,0.317721 
21/07/2008 00:00,733610.000000,294.000000,1,1,4,0.217841,0.266191,0.286672,3.068981,0.315556 
21/07/2008 00:00,733610.000000,294.000000,1,1,4,0.216260,0.264800,0.284400,3.007277,0.310082 
22/07/2008 00:00,733611.000000,295.000000,1,1,4,0.215579,0.264825,0.286736,3.094259,0.317779 
22/07/2008 00:00,733611.000000,295.000000,1,1,4,0.214442,0.263877,0.285578,3.069162,0.315617 
22/07/2008 00:00,733611.000000,295.000000,1,1,4,0.212850,0.262465,0.283280,3.007547,0.310154 
23/07/2008 00:00,733612.000000,296.000000,1,1,4,0.231695,0.264259,0.285827,3.094269,0.317821 
23/07/2008 00:00,733612.000000,296.000000,1,1,4,0.230621,0.263307,0.284674,3.069219,0.315662 
23/07/2008 00:00,733612.000000,296.000000,1,1,4,0.229042,0.261846,0.282338,3.007699,0.310211 
24/07/2008 00:00,733613.000000,297.000000,1,1,4,0.400000,0.267030,0.285300,3.094209,0.317849 
24/07/2008 00:00,733613.000000,297.000000,1,1,4,0.400000,0.265998,0.284137,3.069207,0.315694 
24/07/2008 00:00,733613.000000,297.000000,1,1,4,0.400000,0.264381,0.281740,3.007780,0.310255 
25/07/2008 00:00,733614.000000,298.000000,1,1,4,0.400000,0.390169,0.288698,3.094665,0.317880 
25/07/2008 00:00,733614.000000,298.000000,1,1,4,0.400000,0.387737,0.287360,3.069664,0.315729 
25/07/2008 00:00,733614.000000,298.000000,1,1,4,0.400000,0.389549,0.284768,3.008258,0.310299 
26/07/2008 00:00,733615.000000,299.000000,1,1,4,0.346801,0.363926,0.340998,3.100573,0.318054 
26/07/2008 00:00,733615.000000,299.000000,1,1,4,0.356697,0.371789,0.338825,3.075241,0.315891 
26/07/2008 00:00,733615.000000,299.000000,1,1,4,0.352410,0.368325,0.340160,3.013599,0.310450 
27/07/2008 00:00,733616.000000,300.000000,1,1,4,0.328462,0.346906,0.339841,3.119341,0.318658 
27/07/2008 00:00,733616.000000,300.000000,1,1,4,0.335135,0.352532,0.342901,3.093706,0.316460 
27/07/2008 00:00,733616.000000,300.000000,1,1,4,0.331615,0.349529,0.340751,3.033607,0.311004 
28/07/2008 00:00,733617.000000,301.000000,1,1,4,0.315252,0.335250,0.333488,3.135364,0.319507 
28/07/2008 00:00,733617.000000,301.000000,1,1,4,0.320403,0.339394,0.336244,3.112361,0.317335 
28/07/2008 00:00,733617.000000,301.000000,1,1,4,0.317610,0.336966,0.333689,3.051685,0.311825 
29/07/2008 00:00,733618.000000,302.000000,1,1,4,0.304343,0.326465,0.327596,3.147016,0.320424 
29/07/2008 00:00,733618.000000,302.000000,1,1,4,0.308766,0.329823,0.329840,3.125717,0.318310 
29/07/2008 00:00,733618.000000,302.000000,1,1,4,0.306283,0.327736,0.327357,3.064462,0.312736 
30/07/2008 00:00,733619.000000,303.000000,1,1,4,0.295251,0.319365,0.322551,3.155723,0.321313 
30/07/2008 00:00,733619.000000,303.000000,1,1,4,0.299219,0.322249,0.324422,3.135506,0.319272 
30/07/2008 00:00,733619.000000,303.000000,1,1,4,0.296921,0.320367,0.322053,3.073853,0.313639 
31/07/2008 00:00,733620.000000,304.000000,1,1,4,0.287599,0.313387,0.318229,3.162470,0.322126 
31/07/2008 00:00,733620.000000,304.000000,1,1,4,0.291266,0.315953,0.319826,3.143003,0.320162 
31/07/2008 00:00,733620.000000,304.000000,1,1,4,0.289078,0.314198,0.317555,3.081071,0.314484 
01/08/2008 00:00,733621.000000,305.000000,1,1,4,0.280308,0.308102,0.314474,3.167842,0.322846 
01/08/2008 00:00,733621.000000,305.000000,1,1,4,0.283714,0.310428,0.315856,3.148937,0.320957 
01/08/2008 00:00,733621.000000,305.000000,1,1,4,0.281630,0.308765,0.313660,3.086804,0.315249 
02/08/2008 00:00,733622.000000,306.000000,1,1,4,0.273955,0.303394,0.311177,3.172199,0.323469 
02/08/2008 00:00,733622.000000,306.000000,1,1,4,0.277177,0.305534,0.312382,3.153740,0.321651 
02/08/2008 00:00,733622.000000,306.000000,1,1,4,0.275149,0.303934,0.310239,3.091462,0.315925 
03/08/2008 00:00,733623.000000,307.000000,1,1,4,0.275637,0.300175,0.308384,3.175790,0.324002 
03/08/2008 00:00,733623.000000,307.000000,1,1,4,0.278609,0.302175,0.309441,3.157706,0.322247 
03/08/2008 00:00,733623.000000,307.000000,1,1,4,0.276686,0.300609,0.307326,3.095320,0.316515 
04/08/2008 00:00,733624.000000,308.000000,1,1,4,0.345272,0.302386,0.306548,3.178892,0.324456 
04/08/2008 00:00,733624.000000,308.000000,1,1,4,0.347613,0.304416,0.307505,3.161135,0.322758 
04/08/2008 00:00,733624.000000,308.000000,1,1,4,0.345958,0.302747,0.305367,3.098657,0.317026 
05/08/2008 00:00,733625.000000,309.000000,1,1,4,0.377770,0.311896,0.306126,3.181837,0.324850 
05/08/2008 00:00,733625.000000,309.000000,1,1,4,0.378774,0.314301,0.307069,3.164390,0.323203 
05/08/2008 00:00,733625.000000,309.000000,1,1,4,0.377989,0.312316,0.304836,3.101802,0.317474 
06/08/2008 00:00,733626.000000,310.000000,1,1,4,0.400000,0.349057,0.309150,3.185287,0.325218 
06/08/2008 00:00,733626.000000,310.000000,1,1,4,0.400000,0.352076,0.310280,3.168166,0.323617 
06/08/2008 00:00,733626.000000,310.000000,1,1,4,0.400000,0.349520,0.307783,3.105378,0.317886 
07/08/2008 00:00,733627.000000,311.000000,1,1,4,0.400000,0.400000,0.330185,3.192139,0.325667 
07/08/2008 00:00,733627.000000,311.000000,1,1,4,0.400000,0.400000,0.332545,3.175454,0.324107 
07/08/2008 00:00,733627.000000,311.000000,1,1,4,0.400000,0.400000,0.329221,3.112078,0.318352 
08/08/2008 00:00,733628.000000,312.000000,1,1,4,0.341561,0.361863,0.380964,3.211431,0.326540 
08/08/2008 00:00,733628.000000,312.000000,1,1,4,0.348463,0.368675,0.386358,3.196560,0.325044 
08/08/2008 00:00,733628.000000,312.000000,1,1,4,0.345766,0.365955,0.384133,3.131506,0.319184 
09/08/2008 00:00,733629.000000,313.000000,1,1,4,0.326949,0.336768,0.341418,3.279357,0.329121 
09/08/2008 00:00,733629.000000,313.000000,1,1,4,0.328229,0.336160,0.339999,3.281918,0.328082 
09/08/2008 00:00,733629.000000,313.000000,1,1,4,0.326767,0.335089,0.338048,3.213996,0.321864 
10/08/2008 00:00,733630.000000,314.000000,1,1,4,0.313432,0.329602,0.333502,3.292266,0.331365 
10/08/2008 00:00,733630.000000,314.000000,1,1,4,0.314448,0.329570,0.332848,3.293539,0.330679 
10/08/2008 00:00,733630.000000,314.000000,1,1,4,0.313074,0.328455,0.330952,3.225630,0.324234 
11/08/2008 00:00,733631.000000,315.000000,1,1,4,0.310899,0.324616,0.328071,3.301307,0.333179 
11/08/2008 00:00,733631.000000,315.000000,1,1,4,0.311817,0.324814,0.327784,3.301982,0.332740 
11/08/2008 00:00,733631.000000,315.000000,1,1,4,0.310518,0.323686,0.325908,3.234028,0.326183 
12/08/2008 00:00,733632.000000,316.000000,1,1,4,0.306945,0.320495,0.323950,3.308369,0.334606 
12/08/2008 00:00,733632.000000,316.000000,1,1,4,0.307809,0.320815,0.323875,3.308736,0.334338 
12/08/2008 00:00,733632.000000,316.000000,1,1,4,0.306582,0.319685,0.321998,3.240694,0.327747 
13/08/2008 00:00,733633.000000,317.000000,1,1,4,0.296570,0.315881,0.320487,3.314153,0.335717 
13/08/2008 00:00,733633.000000,317.000000,1,1,4,0.297403,0.316277,0.320546,3.314372,0.335564 
13/08/2008 00:00,733633.000000,317.000000,1,1,4,0.296214,0.315160,0.318661,3.246229,0.328985 
14/08/2008 00:00,733634.000000,318.000000,1,1,4,0.400000,0.321364,0.318725,3.319255,0.336592 
14/08/2008 00:00,733634.000000,318.000000,1,1,4,0.400000,0.321778,0.318858,3.319413,0.336515 
14/08/2008 00:00,733634.000000,318.000000,1,1,4,0.400000,0.320537,0.316913,3.251146,0.329969 
15/08/2008 00:00,733635.000000,319.000000,1,1,4,0.400000,0.400000,0.329592,3.326422,0.337386 
15/08/2008 00:00,733635.000000,319.000000,1,1,4,0.400000,0.400000,0.329797,3.326551,0.337357 
15/08/2008 00:00,733635.000000,319.000000,1,1,4,0.400000,0.400000,0.327403,3.257873,0.330830 
16/08/2008 00:00,733636.000000,320.000000,1,1,4,0.400000,0.400000,0.400000,3.366604,0.339295 
16/08/2008 00:00,733636.000000,320.000000,1,1,4,0.400000,0.400000,0.400000,3.366447,0.339277 
16/08/2008 00:00,733636.000000,320.000000,1,1,4,0.400000,0.400000,0.400000,3.294452,0.332547 
17/08/2008 00:00,733637.000000,321.000000,1,1,4,0.400000,0.387872,0.378921,3.787691,0.353815 
17/08/2008 00:00,733637.000000,321.000000,1,1,4,0.400000,0.387452,0.378413,3.781511,0.353542 
17/08/2008 00:00,733637.000000,321.000000,1,1,4,0.400000,0.386463,0.376329,3.728564,0.345723 
18/08/2008 00:00,733638.000000,322.000000,1,1,4,0.350693,0.368191,0.370417,3.828526,0.368635 
18/08/2008 00:00,733638.000000,322.000000,1,1,4,0.360277,0.375075,0.372967,3.823209,0.368141 
18/08/2008 00:00,733638.000000,322.000000,1,1,4,0.357312,0.373167,0.371048,3.767455,0.360046 
19/08/2008 00:00,733639.000000,323.000000,1,1,4,0.333321,0.350518,0.357979,3.851335,0.378734 
19/08/2008 00:00,733639.000000,323.000000,1,1,4,0.338637,0.354945,0.361194,3.850504,0.378429 
19/08/2008 00:00,733639.000000,323.000000,1,1,4,0.336718,0.353435,0.359277,3.792448,0.371009 
20/08/2008 00:00,733640.000000,324.000000,1,1,4,0.321873,0.340304,0.349310,3.865277,0.383707 
20/08/2008 00:00,733640.000000,324.000000,1,1,4,0.325942,0.343566,0.351866,3.867056,0.383742 
20/08/2008 00:00,733640.000000,324.000000,1,1,4,0.324395,0.342265,0.350071,3.806990,0.377448 
21/08/2008 00:00,733641.000000,325.000000,1,1,4,0.312856,0.332874,0.343220,3.875677,0.385769 
21/08/2008 00:00,733641.000000,325.000000,1,1,4,0.316329,0.335559,0.345282,3.879133,0.386038 
21/08/2008 00:00,733641.000000,325.000000,1,1,4,0.314939,0.334344,0.343515,3.817745,0.380510 
22/08/2008 00:00,733642.000000,326.000000,1,1,4,0.304807,0.326846,0.338757,3.883429,0.386719 
22/08/2008 00:00,733642.000000,326.000000,1,1,4,0.307911,0.329170,0.340456,3.888204,0.387124 
22/08/2008 00:00,733642.000000,326.000000,1,1,4,0.306608,0.327992,0.338640,3.826096,0.381934 
23/08/2008 00:00,733643.000000,327.000000,1,1,4,0.298004,0.321811,0.335412,3.889081,0.387260 
23/08/2008 00:00,733643.000000,327.000000,1,1,4,0.300854,0.323882,0.336841,3.894961,0.387759 
23/08/2008 00:00,733643.000000,327.000000,1,1,4,0.299595,0.322710,0.334928,3.832448,0.382697 
24/08/2008 00:00,733644.000000,328.000000,1,1,4,0.292488,0.317582,0.332878,3.893134,0.387614 
24/08/2008 00:00,733644.000000,328.000000,1,1,4,0.295150,0.319462,0.334108,3.899974,0.388185 
24/08/2008 00:00,733644.000000,328.000000,1,1,4,0.293905,0.318272,0.332073,3.837199,0.383176 
25/08/2008 00:00,733645.000000,329.000000,1,1,4,0.287410,0.313926,0.330928,3.895977,0.387854 
25/08/2008 00:00,733645.000000,329.000000,1,1,4,0.289923,0.315655,0.332015,3.903671,0.388488 
25/08/2008 00:00,733645.000000,329.000000,1,1,4,0.288669,0.314430,0.329847,3.840701,0.383504 
26/08/2008 00:00,733646.000000,330.000000,1,1,4,0.282631,0.310698,0.329395,3.897885,0.388015 
26/08/2008 00:00,733646.000000,330.000000,1,1,4,0.285025,0.312304,0.330380,3.906356,0.388705 
26/08/2008 00:00,733646.000000,330.000000,1,1,4,0.283743,0.311029,0.328084,3.843226,0.383735 
27/08/2008 00:00,733647.000000,331.000000,1,1,4,0.278159,0.307829,0.328161,3.899058,0.388116 
27/08/2008 00:00,733647.000000,331.000000,1,1,4,0.280448,0.309333,0.329078,3.908245,0.388857 
27/08/2008 00:00,733647.000000,331.000000,1,1,4,0.279125,0.307998,0.326661,3.844975,0.383895 
28/08/2008 00:00,733648.000000,332.000000,1,1,4,0.273980,0.305275,0.327149,3.899639,0.388170 
28/08/2008 00:00,733648.000000,332.000000,1,1,4,0.276175,0.306692,0.328019,3.909494,0.388959 
28/08/2008 00:00,733648.000000,332.000000,1,1,4,0.274801,0.305287,0.325494,3.846099,0.384001 
29/08/2008 00:00,733649.000000,333.000000,1,1,4,0.270585,0.303035,0.326307,3.899741,0.388187 
29/08/2008 00:00,733649.000000,333.000000,1,1,4,0.272705,0.304380,0.327148,3.910227,0.389020 
29/08/2008 00:00,733649.000000,333.000000,1,1,4,0.271264,0.302899,0.324527,3.846714,0.384062 
30/08/2008 00:00,733650.000000,334.000000,1,1,4,0.267927,0.301091,0.325597,3.899452,0.388172 
30/08/2008 00:00,733650.000000,334.000000,1,1,4,0.269985,0.302379,0.326422,3.910537,0.389049 
30/08/2008 00:00,733650.000000,334.000000,1,1,4,0.268465,0.300814,0.323717,3.846914,0.384089 
31/08/2008 00:00,733651.000000,335.000000,1,1,4,0.295933,0.302191,0.325338,3.899035,0.388145 
31/08/2008 00:00,733651.000000,335.000000,1,1,4,0.297851,0.303450,0.326161,3.910696,0.389063 
31/08/2008 00:00,733651.000000,335.000000,1,1,4,0.296348,0.301751,0.323366,3.846939,0.384096 
01/09/2008 00:00,733652.000000,336.000000,1,1,4,0.357032,0.306566,0.325697,3.898831,0.388127 
01/09/2008 00:00,733652.000000,336.000000,1,1,4,0.358606,0.307883,0.326536,3.911058,0.389087 
01/09/2008 00:00,733652.000000,336.000000,1,1,4,0.357347,0.305969,0.323643,3.847105,0.384108 
02/09/2008 00:00,733653.000000,337.000000,1,1,4,0.361353,0.316832,0.327040,3.899362,0.388156 
02/09/2008 00:00,733653.000000,337.000000,1,1,4,0.362204,0.318382,0.327930,3.912172,0.389157 
02/09/2008 00:00,733653.000000,337.000000,1,1,4,0.361485,0.316283,0.324930,3.847900,0.384158 
03/09/2008 00:00,733654.000000,338.000000,1,1,4,0.353424,0.324757,0.328858,3.900854,0.388250 
03/09/2008 00:00,733654.000000,338.000000,1,1,4,0.354101,0.326249,0.329803,3.914271,0.389293 
03/09/2008 00:00,733654.000000,338.000000,1,1,4,0.353542,0.324246,0.326744,3.849554,0.384269 
04/09/2008 00:00,733655.000000,339.000000,1,1,4,0.400000,0.336533,0.331510,3.903722,0.388440 
04/09/2008 00:00,733655.000000,339.000000,1,1,4,0.400000,0.338050,0.332526,3.917790,0.389525 
04/09/2008 00:00,733655.000000,339.000000,1,1,4,0.400000,0.336001,0.329419,3.852461,0.384469 
05/09/2008 00:00,733656.000000,340.000000,1,1,4,0.368246,0.372669,0.337790,3.909798,0.388837 
05/09/2008 00:00,733656.000000,340.000000,1,1,4,0.371973,0.375484,0.339095,3.924704,0.389972 
05/09/2008 00:00,733656.000000,340.000000,1,1,4,0.370979,0.374291,0.335925,3.858371,0.384869 
06/09/2008 00:00,733657.000000,341.000000,1,1,4,0.344141,0.358546,0.347275,3.920876,0.389565 
06/09/2008 00:00,733657.000000,341.000000,1,1,4,0.345900,0.360489,0.349507,3.937196,0.390777 
06/09/2008 00:00,733657.000000,341.000000,1,1,4,0.345376,0.359630,0.346868,3.869469,0.385623 
07/09/2008 00:00,733658.000000,342.000000,1,1,4,0.337549,0.349513,0.347462,3.933166,0.390419 
07/09/2008 00:00,733658.000000,342.000000,1,1,4,0.338815,0.350965,0.349378,3.951033,0.391711 
07/09/2008 00:00,733658.000000,342.000000,1,1,4,0.338418,0.350316,0.347238,3.882164,0.386549 
08/09/2008 00:00,733659.000000,343.000000,1,1,4,0.370429,0.350160,0.346726,3.944847,0.391246 
08/09/2008 00:00,733659.000000,343.000000,1,1,4,0.371003,0.351437,0.348351,3.964033,0.392600 
08/09/2008 00:00,733659.000000,343.000000,1,1,4,0.370798,0.350844,0.346448,3.894283,0.387472 
09/09/2008 00:00,733660.000000,344.000000,1,1,4,0.392668,0.358991,0.347943,3.956892,0.392073 
09/09/2008 00:00,733660.000000,344.000000,1,1,4,0.392675,0.360076,0.349407,3.977274,0.393472 
09/09/2008 00:00,733660.000000,344.000000,1,1,4,0.392663,0.359568,0.347630,3.906666,0.388397 
10/09/2008 00:00,733661.000000,345.000000,1,1,4,0.363521,0.363762,0.350901,3.970606,0.392976 
10/09/2008 00:00,733661.000000,345.000000,1,1,4,0.363830,0.364382,0.352198,3.992142,0.394403 
10/09/2008 00:00,733661.000000,345.000000,1,1,4,0.363766,0.364091,0.350614,3.920603,0.389401 
