Date12[DDMMYYYYhhmm],JulianDayFromYear0[days],TimeFromStart[days],Simulation_Period,Run,IDpoint,75 ,300 ,600 ,900 ,1200  
01/10/2007 00:00,733316.000000,0.000000,1,1,1,0.190394,0.191214,0.192349,1.503024,0.194775 
02/10/2007 00:00,733317.000000,1.000000,1,1,1,0.188989,0.191211,0.192349,1.503024,0.194775 
03/10/2007 00:00,733318.000000,2.000000,1,1,1,0.186718,0.191201,0.192349,1.503024,0.194775 
04/10/2007 00:00,733319.000000,3.000000,1,1,1,0.184690,0.191186,0.192349,1.503024,0.194775 
05/10/2007 00:00,733320.000000,4.000000,1,1,1,0.182860,0.191166,0.192349,1.503024,0.194775 
06/10/2007 00:00,733321.000000,5.000000,1,1,1,0.180831,0.191139,0.192349,1.503024,0.194775 
07/10/2007 00:00,733322.000000,6.000000,1,1,1,0.178645,0.191106,0.192338,1.440030,0.194745 
08/10/2007 00:00,733323.000000,7.000000,1,1,1,0.176737,0.191067,0.192337,1.503064,0.194746 
09/10/2007 00:00,733324.000000,8.000000,1,1,1,0.175077,0.191024,0.192331,1.468730,0.194730 
10/10/2007 00:00,733325.000000,9.000000,1,1,1,0.173388,0.190972,0.192330,1.503084,0.194731 
11/10/2007 00:00,733326.000000,10.000000,1,1,1,0.171855,0.190917,0.192317,1.425593,0.194694 
12/10/2007 00:00,733327.000000,11.000000,1,1,1,0.170560,0.190856,0.192316,1.503134,0.194694 
13/10/2007 00:00,733328.000000,12.000000,1,1,1,0.170192,0.190800,0.192314,1.496720,0.194692 
14/10/2007 00:00,733329.000000,13.000000,1,1,1,0.170259,0.190742,0.192313,1.503135,0.194693 
15/10/2007 00:00,733330.000000,14.000000,1,1,1,0.169662,0.190684,0.192294,1.389535,0.194636 
16/10/2007 00:00,733331.000000,15.000000,1,1,1,0.168961,0.190627,0.192292,1.498856,0.194635 
17/10/2007 00:00,733332.000000,16.000000,1,1,1,0.168068,0.190562,0.192290,1.503211,0.194637 
18/10/2007 00:00,733333.000000,17.000000,1,1,1,0.166963,0.190495,0.192274,1.407085,0.194592 
19/10/2007 00:00,733334.000000,18.000000,1,1,1,0.166044,0.190427,0.192272,1.503269,0.194593 
20/10/2007 00:00,733335.000000,19.000000,1,1,1,0.165935,0.190354,0.192271,1.503266,0.194595 
21/10/2007 00:00,733336.000000,20.000000,1,1,1,0.164998,0.190279,0.192254,1.409438,0.194552 
22/10/2007 00:00,733337.000000,21.000000,1,1,1,0.164194,0.190207,0.192252,1.501756,0.194553 
23/10/2007 00:00,733338.000000,22.000000,1,1,1,0.163557,0.190128,0.192250,1.503320,0.194555 
24/10/2007 00:00,733339.000000,23.000000,1,1,1,0.163666,0.190051,0.192234,1.418215,0.194518 
25/10/2007 00:00,733340.000000,24.000000,1,1,1,0.163816,0.189978,0.192232,1.503368,0.194520 
26/10/2007 00:00,733341.000000,25.000000,1,1,1,0.163013,0.189897,0.192230,1.503364,0.194523 
27/10/2007 00:00,733342.000000,26.000000,1,1,1,0.162378,0.189816,0.192215,1.424787,0.194489 
28/10/2007 00:00,733343.000000,27.000000,1,1,1,0.161941,0.189739,0.192212,1.503408,0.194491 
29/10/2007 00:00,733344.000000,28.000000,1,1,1,0.162110,0.189658,0.192209,1.503404,0.194494 
30/10/2007 00:00,733345.000000,29.000000,1,1,1,0.162268,0.189580,0.192197,1.443940,0.194470 
31/10/2007 00:00,733346.000000,30.000000,1,1,1,0.161677,0.189502,0.192194,1.503434,0.194473 
01/11/2007 00:00,733347.000000,31.000000,1,1,1,0.161255,0.189424,0.192191,1.503431,0.194475 
02/11/2007 00:00,733348.000000,32.000000,1,1,1,0.182563,0.189417,0.192188,1.503428,0.194477 
03/11/2007 00:00,733349.000000,33.000000,1,1,1,0.200306,0.189436,0.192184,1.495525,0.194476 
04/11/2007 00:00,733350.000000,34.000000,1,1,1,0.200256,0.189465,0.192181,1.503426,0.194479 
05/11/2007 00:00,733351.000000,35.000000,1,1,1,0.199127,0.189490,0.192168,1.437047,0.194452 
06/11/2007 00:00,733352.000000,36.000000,1,1,1,0.198186,0.189512,0.192165,1.503459,0.194454 
07/11/2007 00:00,733353.000000,37.000000,1,1,1,0.198148,0.189534,0.192163,1.503455,0.194457 
08/11/2007 00:00,733354.000000,38.000000,1,1,1,0.198111,0.189555,0.192152,1.450287,0.194438 
09/11/2007 00:00,733355.000000,39.000000,1,1,1,0.198075,0.189576,0.192150,1.503480,0.194440 
10/11/2007 00:00,733356.000000,40.000000,1,1,1,0.198038,0.189598,0.192147,1.503477,0.194442 
11/11/2007 00:00,733357.000000,41.000000,1,1,1,0.198003,0.189618,0.192142,1.483758,0.194437 
12/11/2007 00:00,733358.000000,42.000000,1,1,1,0.197331,0.189638,0.192140,1.503481,0.194440 
13/11/2007 00:00,733359.000000,43.000000,1,1,1,0.196789,0.189656,0.192133,1.472041,0.194429 
14/11/2007 00:00,733360.000000,44.000000,1,1,1,0.196027,0.189672,0.192131,1.503492,0.194432 
15/11/2007 00:00,733361.000000,45.000000,1,1,1,0.195208,0.189686,0.192127,1.492632,0.194430 
16/11/2007 00:00,733362.000000,46.000000,1,1,1,0.195185,0.189700,0.192125,1.503492,0.194433 
17/11/2007 00:00,733363.000000,47.000000,1,1,1,0.195163,0.189714,0.192118,1.467388,0.194421 
18/11/2007 00:00,733364.000000,48.000000,1,1,1,0.195141,0.189727,0.192116,1.503505,0.194423 
19/11/2007 00:00,733365.000000,49.000000,1,1,1,0.195118,0.189741,0.192114,1.503502,0.194425 
20/11/2007 00:00,733366.000000,50.000000,1,1,1,0.194555,0.189753,0.192113,1.503499,0.194427 
21/11/2007 00:00,733367.000000,51.000000,1,1,1,0.194024,0.189764,0.192111,1.503496,0.194430 
22/11/2007 00:00,733368.000000,52.000000,1,1,1,0.178941,0.189750,0.192110,1.503493,0.194432 
23/11/2007 00:00,733369.000000,53.000000,1,1,1,0.147361,0.189596,0.192108,1.503490,0.194434 
24/11/2007 00:00,733370.000000,54.000000,1,1,1,0.135568,0.189249,0.192106,1.503488,0.194436 
25/11/2007 00:00,733371.000000,55.000000,1,1,1,0.138936,0.188995,0.192102,1.497437,0.194436 
26/11/2007 00:00,733372.000000,56.000000,1,1,1,0.149215,0.188875,0.192099,1.503485,0.194438 
27/11/2007 00:00,733373.000000,57.000000,1,1,1,0.158666,0.188813,0.192094,1.492653,0.194436 
28/11/2007 00:00,733374.000000,58.000000,1,1,1,0.155376,0.188736,0.192092,1.503486,0.194438 
29/11/2007 00:00,733375.000000,59.000000,1,1,1,0.143549,0.188566,0.192088,1.503483,0.194440 
30/11/2007 00:00,733376.000000,60.000000,1,1,1,0.128397,0.186369,0.192080,1.494799,0.194439 
01/12/2007 00:00,733377.000000,61.000000,1,1,1,0.123401,0.175555,0.192056,1.500353,0.194439 
02/12/2007 00:00,733378.000000,62.000000,1,1,1,0.124071,0.166004,0.192010,1.502748,0.194441 
03/12/2007 00:00,733379.000000,63.000000,1,1,1,0.128707,0.160835,0.191947,1.503478,0.194443 
04/12/2007 00:00,733380.000000,64.000000,1,1,1,0.144222,0.160163,0.191694,1.503388,0.194444 
05/12/2007 00:00,733381.000000,65.000000,1,1,1,0.171963,0.161053,0.191501,1.503471,0.194446 
06/12/2007 00:00,733382.000000,66.000000,1,1,1,0.181119,0.162043,0.191019,1.503376,0.194448 
07/12/2007 00:00,733383.000000,67.000000,1,1,1,0.166436,0.162653,0.190571,1.503450,0.194450 
08/12/2007 00:00,733384.000000,68.000000,1,1,1,0.121972,0.151663,0.189640,1.503446,0.194451 
09/12/2007 00:00,733385.000000,69.000000,1,1,1,0.117239,0.135573,0.186751,1.503359,0.194453 
10/12/2007 00:00,733386.000000,70.000000,1,1,1,0.121425,0.131717,0.182949,1.503177,0.194455 
11/12/2007 00:00,733387.000000,71.000000,1,1,1,0.124698,0.131260,0.179210,1.502898,0.194447 
12/12/2007 00:00,733388.000000,72.000000,1,1,1,0.127089,0.131863,0.175881,1.502521,0.194436 
13/12/2007 00:00,733389.000000,73.000000,1,1,1,0.128926,0.132825,0.173030,1.502047,0.194425 
14/12/2007 00:00,733390.000000,74.000000,1,1,1,0.130405,0.133883,0.170629,1.501482,0.194413 
15/12/2007 00:00,733391.000000,75.000000,1,1,1,0.131702,0.134943,0.168630,1.500831,0.194401 
16/12/2007 00:00,733392.000000,76.000000,1,1,1,0.132888,0.135971,0.166979,1.500103,0.194388 
17/12/2007 00:00,733393.000000,77.000000,1,1,1,0.134072,0.136968,0.165632,1.499307,0.194374 
18/12/2007 00:00,733394.000000,78.000000,1,1,1,0.135301,0.137947,0.164551,1.498453,0.194360 
19/12/2007 00:00,733395.000000,79.000000,1,1,1,0.136438,0.138889,0.163698,1.497551,0.194345 
20/12/2007 00:00,733396.000000,80.000000,1,1,1,0.137481,0.139786,0.163039,1.496612,0.194329 
21/12/2007 00:00,733397.000000,81.000000,1,1,1,0.138445,0.140637,0.162542,1.495643,0.194312 
22/12/2007 00:00,733398.000000,82.000000,1,1,1,0.139341,0.141440,0.162182,1.494654,0.194294 
23/12/2007 00:00,733399.000000,83.000000,1,1,1,0.140171,0.142199,0.161935,1.493651,0.194275 
24/12/2007 00:00,733400.000000,84.000000,1,1,1,0.140953,0.142917,0.161784,1.492640,0.194255 
25/12/2007 00:00,733401.000000,85.000000,1,1,1,0.141715,0.143601,0.161712,1.491627,0.194235 
26/12/2007 00:00,733402.000000,86.000000,1,1,1,0.142457,0.144256,0.161706,1.490615,0.194213 
27/12/2007 00:00,733403.000000,87.000000,1,1,1,0.143160,0.144884,0.161755,1.489610,0.194191 
28/12/2007 00:00,733404.000000,88.000000,1,1,1,0.143821,0.145485,0.161849,1.488613,0.194168 
29/12/2007 00:00,733405.000000,89.000000,1,1,1,0.144227,0.146039,0.161978,1.487627,0.194144 
30/12/2007 00:00,733406.000000,90.000000,1,1,1,0.144507,0.146542,0.162135,1.486653,0.194119 
31/12/2007 00:00,733407.000000,91.000000,1,1,1,0.144651,0.146991,0.162310,1.485692,0.194093 
01/01/2008 00:00,733408.000000,92.000000,1,1,1,0.144869,0.147401,0.162500,1.484746,0.194067 
02/01/2008 00:00,733409.000000,93.000000,1,1,1,0.145040,0.147776,0.162700,1.483815,0.194040 
03/01/2008 00:00,733410.000000,94.000000,1,1,1,0.145197,0.148119,0.162906,1.482898,0.194013 
04/01/2008 00:00,733411.000000,95.000000,1,1,1,0.145382,0.148439,0.163116,1.481996,0.193984 
05/01/2008 00:00,733412.000000,96.000000,1,1,1,0.145620,0.148745,0.163328,1.481110,0.193956 
06/01/2008 00:00,733413.000000,97.000000,1,1,1,0.145905,0.149043,0.163542,1.480237,0.193926 
07/01/2008 00:00,733414.000000,98.000000,1,1,1,0.146215,0.149336,0.163757,1.479380,0.193896 
08/01/2008 00:00,733415.000000,99.000000,1,1,1,0.146524,0.149626,0.163972,1.478536,0.193866 
09/01/2008 00:00,733416.000000,100.000000,1,1,1,0.146805,0.149911,0.164187,1.477707,0.193835 
10/01/2008 00:00,733417.000000,101.000000,1,1,1,0.147092,0.150190,0.164402,1.476892,0.193803 
11/01/2008 00:00,733418.000000,102.000000,1,1,1,0.147670,0.150492,0.164617,1.476090,0.193771 
12/01/2008 00:00,733419.000000,103.000000,1,1,1,0.148258,0.150811,0.164835,1.475302,0.193739 
13/01/2008 00:00,733420.000000,104.000000,1,1,1,0.148799,0.151141,0.165054,1.474528,0.193706 
14/01/2008 00:00,733421.000000,105.000000,1,1,1,0.149301,0.151478,0.165275,1.473767,0.193673 
15/01/2008 00:00,733422.000000,106.000000,1,1,1,0.149771,0.151817,0.165497,1.473020,0.193640 
16/01/2008 00:00,733423.000000,107.000000,1,1,1,0.150206,0.152156,0.165721,1.472285,0.193606 
17/01/2008 00:00,733424.000000,108.000000,1,1,1,0.150588,0.152490,0.165946,1.471564,0.193572 
18/01/2008 00:00,733425.000000,109.000000,1,1,1,0.150744,0.152805,0.166171,1.470856,0.193538 
19/01/2008 00:00,733426.000000,110.000000,1,1,1,0.150743,0.153091,0.166393,1.470160,0.193503 
20/01/2008 00:00,733427.000000,111.000000,1,1,1,0.150633,0.153344,0.166612,1.469476,0.193468 
21/01/2008 00:00,733428.000000,112.000000,1,1,1,0.150359,0.153555,0.166826,1.468805,0.193433 
22/01/2008 00:00,733429.000000,113.000000,1,1,1,0.149890,0.153715,0.167032,1.468144,0.193398 
23/01/2008 00:00,733430.000000,114.000000,1,1,1,0.149370,0.153822,0.167230,1.467494,0.193362 
24/01/2008 00:00,733431.000000,115.000000,1,1,1,0.148901,0.153885,0.167416,1.466855,0.193327 
25/01/2008 00:00,733432.000000,116.000000,1,1,1,0.148577,0.153918,0.167592,1.466224,0.193291 
26/01/2008 00:00,733433.000000,117.000000,1,1,1,0.148504,0.153945,0.167757,1.465603,0.193255 
27/01/2008 00:00,733434.000000,118.000000,1,1,1,0.148638,0.153983,0.167912,1.464989,0.193219 
28/01/2008 00:00,733435.000000,119.000000,1,1,1,0.149048,0.154054,0.168060,1.464384,0.193183 
29/01/2008 00:00,733436.000000,120.000000,1,1,1,0.149565,0.154162,0.168204,1.463786,0.193146 
30/01/2008 00:00,733437.000000,121.000000,1,1,1,0.149968,0.154293,0.168343,1.463195,0.193110 
31/01/2008 00:00,733438.000000,122.000000,1,1,1,0.150273,0.154437,0.168480,1.462611,0.193073 
01/02/2008 00:00,733439.000000,123.000000,1,1,1,0.150590,0.154593,0.168615,1.462035,0.193037 
02/02/2008 00:00,733440.000000,124.000000,1,1,1,0.150952,0.154762,0.168749,1.461465,0.193000 
03/02/2008 00:00,733441.000000,125.000000,1,1,1,0.151319,0.154943,0.168882,1.460901,0.192963 
04/02/2008 00:00,733442.000000,126.000000,1,1,1,0.151504,0.155123,0.169014,1.460345,0.192927 
05/02/2008 00:00,733443.000000,127.000000,1,1,1,0.151702,0.155302,0.169146,1.459795,0.192890 
06/02/2008 00:00,733444.000000,128.000000,1,1,1,0.168153,0.155508,0.169277,1.459251,0.192853 
07/02/2008 00:00,733445.000000,129.000000,1,1,1,0.170575,0.156334,0.169435,1.458715,0.192816 
08/02/2008 00:00,733446.000000,130.000000,1,1,1,0.180394,0.157175,0.169617,1.458188,0.192779 
09/02/2008 00:00,733447.000000,131.000000,1,1,1,0.193124,0.158135,0.169823,1.457670,0.192742 
10/02/2008 00:00,733448.000000,132.000000,1,1,1,0.206188,0.159190,0.170054,1.457162,0.192706 
11/02/2008 00:00,733449.000000,133.000000,1,1,1,0.220311,0.160300,0.170308,1.456665,0.192669 
12/02/2008 00:00,733450.000000,134.000000,1,1,1,0.235978,0.161471,0.170582,1.456180,0.192632 
13/02/2008 00:00,733451.000000,135.000000,1,1,1,0.252688,0.162763,0.170874,1.455707,0.192595 
14/02/2008 00:00,733452.000000,136.000000,1,1,1,0.264196,0.164313,0.171184,1.455247,0.192559 
15/02/2008 00:00,733453.000000,137.000000,1,1,1,0.282928,0.166124,0.171515,1.454800,0.192522 
16/02/2008 00:00,733454.000000,138.000000,1,1,1,0.297722,0.168798,0.171869,1.454368,0.192486 
17/02/2008 00:00,733455.000000,139.000000,1,1,1,0.305654,0.172428,0.172258,1.453950,0.192449 
18/02/2008 00:00,733456.000000,140.000000,1,1,1,0.309847,0.176402,0.172690,1.453548,0.192413 
19/02/2008 00:00,733457.000000,141.000000,1,1,1,0.312185,0.180294,0.173161,1.453164,0.192377 
20/02/2008 00:00,733458.000000,142.000000,1,1,1,0.313557,0.183926,0.173658,1.452797,0.192341 
21/02/2008 00:00,733459.000000,143.000000,1,1,1,0.314382,0.187253,0.174173,1.452448,0.192306 
22/02/2008 00:00,733460.000000,144.000000,1,1,1,0.314865,0.190280,0.174698,1.452117,0.192270 
23/02/2008 00:00,733461.000000,145.000000,1,1,1,0.315112,0.193030,0.175227,1.451803,0.192235 
24/02/2008 00:00,733462.000000,146.000000,1,1,1,0.315184,0.195531,0.175757,1.451505,0.192200 
25/02/2008 00:00,733463.000000,147.000000,1,1,1,0.315118,0.197808,0.176285,1.451224,0.192166 
26/02/2008 00:00,733464.000000,148.000000,1,1,1,0.314938,0.199885,0.176809,1.450959,0.192131 
27/02/2008 00:00,733465.000000,149.000000,1,1,1,0.314664,0.201784,0.177327,1.450709,0.192097 
28/02/2008 00:00,733466.000000,150.000000,1,1,1,0.313294,0.203562,0.177840,1.450473,0.192063 
29/02/2008 00:00,733467.000000,151.000000,1,1,1,0.311760,0.205150,0.178346,1.450251,0.192030 
01/03/2008 00:00,733468.000000,152.000000,1,1,1,0.310254,0.206557,0.178844,1.450043,0.191997 
02/03/2008 00:00,733469.000000,153.000000,1,1,1,0.308771,0.207809,0.179334,1.449848,0.191964 
03/03/2008 00:00,733470.000000,154.000000,1,1,1,0.307310,0.208928,0.179815,1.449665,0.191932 
04/03/2008 00:00,733471.000000,155.000000,1,1,1,0.305869,0.209932,0.180287,1.449494,0.191900 
05/03/2008 00:00,733472.000000,156.000000,1,1,1,0.304446,0.210835,0.180750,1.449335,0.191868 
06/03/2008 00:00,733473.000000,157.000000,1,1,1,0.303040,0.211650,0.181203,1.449186,0.191837 
07/03/2008 00:00,733474.000000,158.000000,1,1,1,0.301651,0.212387,0.181646,1.449048,0.191806 
08/03/2008 00:00,733475.000000,159.000000,1,1,1,0.300276,0.213056,0.182080,1.448920,0.191776 
09/03/2008 00:00,733476.000000,160.000000,1,1,1,0.298916,0.213664,0.182504,1.448802,0.191746 
10/03/2008 00:00,733477.000000,161.000000,1,1,1,0.297569,0.214217,0.182918,1.448693,0.191716 
11/03/2008 00:00,733478.000000,162.000000,1,1,1,0.296234,0.214721,0.183323,1.448592,0.191687 
12/03/2008 00:00,733479.000000,163.000000,1,1,1,0.294910,0.215182,0.183718,1.448500,0.191658 
13/03/2008 00:00,733480.000000,164.000000,1,1,1,0.293597,0.215602,0.184104,1.448416,0.191630 
14/03/2008 00:00,733481.000000,165.000000,1,1,1,0.292295,0.215987,0.184480,1.448340,0.191602 
15/03/2008 00:00,733482.000000,166.000000,1,1,1,0.291004,0.216340,0.184848,1.448272,0.191574 
16/03/2008 00:00,733483.000000,167.000000,1,1,1,0.289712,0.216663,0.185206,1.448210,0.191547 
17/03/2008 00:00,733484.000000,168.000000,1,1,1,0.288431,0.216959,0.185556,1.448156,0.191520 
18/03/2008 00:00,733485.000000,169.000000,1,1,1,0.287179,0.217232,0.185897,1.448108,0.191494 
19/03/2008 00:00,733486.000000,170.000000,1,1,1,0.285955,0.217483,0.186230,1.448066,0.191468 
20/03/2008 00:00,733487.000000,171.000000,1,1,1,0.284752,0.217714,0.186555,1.448030,0.191443 
21/03/2008 00:00,733488.000000,172.000000,1,1,1,0.283567,0.217927,0.186872,1.448000,0.191418 
22/03/2008 00:00,733489.000000,173.000000,1,1,1,0.282399,0.218124,0.187181,1.447976,0.191393 
23/03/2008 00:00,733490.000000,174.000000,1,1,1,0.281245,0.218305,0.187482,1.447958,0.191369 
24/03/2008 00:00,733491.000000,175.000000,1,1,1,0.280106,0.218473,0.187775,1.447944,0.191345 
25/03/2008 00:00,733492.000000,176.000000,1,1,1,0.278981,0.218629,0.188062,1.447935,0.191322 
26/03/2008 00:00,733493.000000,177.000000,1,1,1,0.277870,0.218773,0.188341,1.447932,0.191299 
27/03/2008 00:00,733494.000000,178.000000,1,1,1,0.276771,0.218907,0.188614,1.447932,0.191277 
28/03/2008 00:00,733495.000000,179.000000,1,1,1,0.275681,0.219032,0.188879,1.447938,0.191255 
29/03/2008 00:00,733496.000000,180.000000,1,1,1,0.274601,0.219147,0.189139,1.447947,0.191233 
30/03/2008 00:00,733497.000000,181.000000,1,1,1,0.273534,0.219253,0.189391,1.447961,0.191212 
31/03/2008 00:00,733498.000000,182.000000,1,1,1,0.272475,0.219351,0.189638,1.447979,0.191191 
01/04/2008 00:00,733499.000000,183.000000,1,1,1,0.271431,0.219441,0.189878,1.448001,0.191170 
02/04/2008 00:00,733500.000000,184.000000,1,1,1,0.270408,0.219524,0.190113,1.448026,0.191150 
03/04/2008 00:00,733501.000000,185.000000,1,1,1,0.269401,0.219601,0.190342,1.448055,0.191131 
04/04/2008 00:00,733502.000000,186.000000,1,1,1,0.268407,0.219671,0.190565,1.448087,0.191112 
05/04/2008 00:00,733503.000000,187.000000,1,1,1,0.267426,0.219736,0.190782,1.448123,0.191093 
06/04/2008 00:00,733504.000000,188.000000,1,1,1,0.266456,0.219796,0.190995,1.448162,0.191074 
07/04/2008 00:00,733505.000000,189.000000,1,1,1,0.265495,0.219851,0.191202,1.448204,0.191056 
08/04/2008 00:00,733506.000000,190.000000,1,1,1,0.264543,0.219901,0.191404,1.448248,0.191039 
09/04/2008 00:00,733507.000000,191.000000,1,1,1,0.263600,0.219947,0.191601,1.448296,0.191022 
10/04/2008 00:00,733508.000000,192.000000,1,1,1,0.262666,0.219989,0.191793,1.448347,0.191005 
11/04/2008 00:00,733509.000000,193.000000,1,1,1,0.261738,0.220027,0.191981,1.448400,0.190988 
12/04/2008 00:00,733510.000000,194.000000,1,1,1,0.260823,0.220060,0.192164,1.448456,0.190972 
13/04/2008 00:00,733511.000000,195.000000,1,1,1,0.259919,0.220089,0.192342,1.448515,0.190956 
14/04/2008 00:00,733512.000000,196.000000,1,1,1,0.259025,0.220115,0.192516,1.448576,0.190941 
15/04/2008 00:00,733513.000000,197.000000,1,1,1,0.258140,0.220136,0.192686,1.448639,0.190926 
16/04/2008 00:00,733514.000000,198.000000,1,1,1,0.257264,0.220154,0.192852,1.448704,0.190911 
17/04/2008 00:00,733515.000000,199.000000,1,1,1,0.256397,0.220169,0.193013,1.448772,0.190897 
18/04/2008 00:00,733516.000000,200.000000,1,1,1,0.255539,0.220181,0.193171,1.448842,0.190883 
19/04/2008 00:00,733517.000000,201.000000,1,1,1,0.254690,0.220189,0.193325,1.448914,0.190869 
20/04/2008 00:00,733518.000000,202.000000,1,1,1,0.253849,0.220194,0.193475,1.448988,0.190856 
21/04/2008 00:00,733519.000000,203.000000,1,1,1,0.253017,0.220196,0.193621,1.449064,0.190843 
22/04/2008 00:00,733520.000000,204.000000,1,1,1,0.252194,0.220196,0.193764,1.449141,0.190831 
23/04/2008 00:00,733521.000000,205.000000,1,1,1,0.251380,0.220192,0.193903,1.449221,0.190818 
24/04/2008 00:00,733522.000000,206.000000,1,1,1,0.250574,0.220186,0.194039,1.449302,0.190806 
25/04/2008 00:00,733523.000000,207.000000,1,1,1,0.249778,0.220177,0.194171,1.449385,0.190795 
26/04/2008 00:00,733524.000000,208.000000,1,1,1,0.248991,0.220165,0.194301,1.449469,0.190784 
27/04/2008 00:00,733525.000000,209.000000,1,1,1,0.248214,0.220151,0.194426,1.449555,0.190773 
28/04/2008 00:00,733526.000000,210.000000,1,1,1,0.247447,0.220134,0.194549,1.449643,0.190762 
29/04/2008 00:00,733527.000000,211.000000,1,1,1,0.246689,0.220114,0.194669,1.449732,0.190752 
30/04/2008 00:00,733528.000000,212.000000,1,1,1,0.245943,0.220092,0.194785,1.449822,0.190742 
01/05/2008 00:00,733529.000000,213.000000,1,1,1,0.245205,0.220068,0.194899,1.449914,0.190732 
02/05/2008 00:00,733530.000000,214.000000,1,1,1,0.244465,0.220041,0.195010,1.450007,0.190722 
03/05/2008 00:00,733531.000000,215.000000,1,1,1,0.243750,0.220012,0.195117,1.450102,0.190713 
04/05/2008 00:00,733532.000000,216.000000,1,1,1,0.243048,0.219981,0.195223,1.450197,0.190704 
05/05/2008 00:00,733533.000000,217.000000,1,1,1,0.242360,0.219947,0.195325,1.450294,0.190696 
06/05/2008 00:00,733534.000000,218.000000,1,1,1,0.241688,0.219911,0.195425,1.450392,0.190687 
07/05/2008 00:00,733535.000000,219.000000,1,1,1,0.241034,0.219873,0.195522,1.450491,0.190679 
08/05/2008 00:00,733536.000000,220.000000,1,1,1,0.240402,0.219833,0.195616,1.450591,0.190672 
09/05/2008 00:00,733537.000000,221.000000,1,1,1,0.239805,0.219792,0.195708,1.450693,0.190664 
10/05/2008 00:00,733538.000000,222.000000,1,1,1,0.239273,0.219748,0.195798,1.450795,0.190657 
11/05/2008 00:00,733539.000000,223.000000,1,1,1,0.239498,0.219708,0.195885,1.450898,0.190650 
12/05/2008 00:00,733540.000000,224.000000,1,1,1,0.240111,0.219671,0.195970,1.451002,0.190643 
13/05/2008 00:00,733541.000000,225.000000,1,1,1,0.400000,0.349333,0.198088,1.451130,0.190637 
14/05/2008 00:00,733542.000000,226.000000,1,1,1,0.400000,0.390033,0.232246,1.456178,0.190637 
15/05/2008 00:00,733543.000000,227.000000,1,1,1,0.363849,0.371107,0.298286,1.469594,0.190653 
16/05/2008 00:00,733544.000000,228.000000,1,1,1,0.344397,0.355533,0.307125,1.502306,0.190697 
17/05/2008 00:00,733545.000000,229.000000,1,1,1,0.331901,0.344492,0.301523,1.532123,0.194174 
18/05/2008 00:00,733546.000000,230.000000,1,1,1,0.321255,0.335654,0.295953,1.547404,0.194195 
19/05/2008 00:00,733547.000000,231.000000,1,1,1,0.311875,0.327913,0.290663,1.560422,0.194225 
20/05/2008 00:00,733548.000000,232.000000,1,1,1,0.303017,0.321185,0.286479,1.570658,0.194259 
21/05/2008 00:00,733549.000000,233.000000,1,1,1,0.295033,0.314996,0.282372,1.579850,0.194304 
22/05/2008 00:00,733550.000000,234.000000,1,1,1,0.288830,0.309723,0.279065,1.587221,0.194351 
23/05/2008 00:00,733551.000000,235.000000,1,1,1,0.282511,0.304846,0.275810,1.593965,0.194408 
24/05/2008 00:00,733552.000000,236.000000,1,1,1,0.276138,0.300417,0.273147,1.599508,0.194465 
25/05/2008 00:00,733553.000000,237.000000,1,1,1,0.271891,0.296379,0.270523,1.604662,0.194532 
26/05/2008 00:00,733554.000000,238.000000,1,1,1,0.400000,0.299057,0.268570,1.609001,0.194597 
27/05/2008 00:00,733555.000000,239.000000,1,1,1,0.400000,0.399221,0.269561,1.613068,0.194670 
28/05/2008 00:00,733556.000000,240.000000,1,1,1,0.400000,0.400000,0.385620,1.618375,0.194741 
29/05/2008 00:00,733557.000000,241.000000,1,1,1,0.355075,0.350373,0.322757,1.976612,0.194961 
30/05/2008 00:00,733558.000000,242.000000,1,1,1,0.332995,0.341185,0.312204,2.000463,0.195531 
31/05/2008 00:00,733559.000000,243.000000,1,1,1,0.318445,0.332468,0.306248,2.015473,0.196152 
01/06/2008 00:00,733560.000000,244.000000,1,1,1,0.307402,0.324812,0.301377,2.026861,0.196808 
02/06/2008 00:00,733561.000000,245.000000,1,1,1,0.298304,0.318111,0.297177,2.035903,0.197490 
03/06/2008 00:00,733562.000000,246.000000,1,1,1,0.400000,0.322243,0.294306,2.043317,0.198193 
04/06/2008 00:00,733563.000000,247.000000,1,1,1,0.400000,0.398715,0.297558,2.049997,0.198912 
05/06/2008 00:00,733564.000000,248.000000,1,1,1,0.400000,0.400000,0.400000,2.061704,0.199643 
06/06/2008 00:00,733565.000000,249.000000,1,1,1,0.400000,0.364158,0.328714,2.797557,0.200782 
07/06/2008 00:00,733566.000000,250.000000,1,1,1,0.400000,0.400000,0.344259,2.803988,0.209080 
08/06/2008 00:00,733567.000000,251.000000,1,1,1,0.371591,0.389059,0.398881,2.830536,0.216182 
09/06/2008 00:00,733568.000000,252.000000,1,1,1,0.334172,0.321035,0.318387,3.039033,0.223220 
10/06/2008 00:00,733569.000000,253.000000,1,1,1,0.316138,0.319529,0.316023,3.035476,0.232983 
11/06/2008 00:00,733570.000000,254.000000,1,1,1,0.302739,0.316188,0.313849,3.032889,0.241158 
12/06/2008 00:00,733571.000000,255.000000,1,1,1,0.292415,0.312236,0.311654,3.030802,0.248275 
13/06/2008 00:00,733572.000000,256.000000,1,1,1,0.284085,0.308171,0.309435,3.028945,0.254639 
14/06/2008 00:00,733573.000000,257.000000,1,1,1,0.276768,0.304149,0.307221,3.027169,0.260443 
15/06/2008 00:00,733574.000000,258.000000,1,1,1,0.270049,0.300226,0.305040,3.025394,0.265808 
16/06/2008 00:00,733575.000000,259.000000,1,1,1,0.263922,0.296464,0.302910,3.023584,0.270809 
17/06/2008 00:00,733576.000000,260.000000,1,1,1,0.258378,0.292887,0.300850,3.021731,0.275490 
18/06/2008 00:00,733577.000000,261.000000,1,1,1,0.252842,0.289441,0.298868,3.019847,0.279872 
19/06/2008 00:00,733578.000000,262.000000,1,1,1,0.247665,0.286152,0.296970,3.017958,0.283958 
20/06/2008 00:00,733579.000000,263.000000,1,1,1,0.261342,0.284761,0.295303,3.016116,0.287738 
21/06/2008 00:00,733580.000000,264.000000,1,1,1,0.269461,0.284038,0.293876,3.014381,0.291199 
22/06/2008 00:00,733581.000000,265.000000,1,1,1,0.259612,0.282603,0.292587,3.012800,0.294324 
23/06/2008 00:00,733582.000000,266.000000,1,1,1,0.251279,0.280720,0.291374,3.011400,0.297102 
24/06/2008 00:00,733583.000000,267.000000,1,1,1,0.244264,0.278550,0.290205,3.010194,0.299529 
25/06/2008 00:00,733584.000000,268.000000,1,1,1,0.238036,0.276195,0.289062,3.009183,0.301612 
26/06/2008 00:00,733585.000000,269.000000,1,1,1,0.232435,0.273740,0.287938,3.008351,0.303368 
27/06/2008 00:00,733586.000000,270.000000,1,1,1,0.227430,0.271255,0.286833,3.007679,0.304822 
28/06/2008 00:00,733587.000000,271.000000,1,1,1,0.222846,0.268798,0.285752,3.007135,0.306006 
29/06/2008 00:00,733588.000000,272.000000,1,1,1,0.218842,0.266428,0.284704,3.006691,0.306956 
30/06/2008 00:00,733589.000000,273.000000,1,1,1,0.215266,0.264146,0.283691,3.006314,0.307707 
01/07/2008 00:00,733590.000000,274.000000,1,1,1,0.212107,0.261956,0.282715,3.005977,0.308294 
02/07/2008 00:00,733591.000000,275.000000,1,1,1,0.396762,0.264193,0.282059,3.005690,0.308748 
03/07/2008 00:00,733592.000000,276.000000,1,1,1,0.392369,0.338619,0.284083,3.005753,0.309102 
04/07/2008 00:00,733593.000000,277.000000,1,1,1,0.340123,0.343529,0.294841,3.007108,0.309403 
05/07/2008 00:00,733594.000000,278.000000,1,1,1,0.320895,0.333823,0.303420,3.009795,0.309690 
06/07/2008 00:00,733595.000000,279.000000,1,1,1,0.307078,0.325554,0.306844,3.013458,0.309986 
07/07/2008 00:00,733596.000000,280.000000,1,1,1,0.297530,0.318750,0.307618,3.017503,0.310297 
08/07/2008 00:00,733597.000000,281.000000,1,1,1,0.288603,0.312763,0.307026,3.021516,0.310620 
09/07/2008 00:00,733598.000000,282.000000,1,1,1,0.280522,0.307395,0.305709,3.025274,0.310945 
10/07/2008 00:00,733599.000000,283.000000,1,1,1,0.273208,0.302515,0.304025,3.028681,0.311266 
11/07/2008 00:00,733600.000000,284.000000,1,1,1,0.266463,0.298030,0.302173,3.031710,0.311575 
12/07/2008 00:00,733601.000000,285.000000,1,1,1,0.259422,0.293824,0.300262,3.034361,0.311866 
13/07/2008 00:00,733602.000000,286.000000,1,1,1,0.253532,0.289970,0.298372,3.036653,0.312136 
14/07/2008 00:00,733603.000000,287.000000,1,1,1,0.248682,0.286437,0.296550,3.038622,0.312382 
15/07/2008 00:00,733604.000000,288.000000,1,1,1,0.244207,0.283159,0.294813,3.040301,0.312604 
16/07/2008 00:00,733605.000000,289.000000,1,1,1,0.239068,0.279998,0.293163,3.041717,0.312802 
17/07/2008 00:00,733606.000000,290.000000,1,1,1,0.234231,0.276977,0.291601,3.042894,0.312976 
18/07/2008 00:00,733607.000000,291.000000,1,1,1,0.229930,0.274124,0.290129,3.043852,0.313126 
19/07/2008 00:00,733608.000000,292.000000,1,1,1,0.225836,0.271412,0.288745,3.044611,0.313256 
20/07/2008 00:00,733609.000000,293.000000,1,1,1,0.221952,0.268823,0.287444,3.045186,0.313364 
21/07/2008 00:00,733610.000000,294.000000,1,1,1,0.218173,0.266345,0.286223,3.045594,0.313454 
22/07/2008 00:00,733611.000000,295.000000,1,1,1,0.214712,0.263982,0.285076,3.045845,0.313525 
23/07/2008 00:00,733612.000000,296.000000,1,1,1,0.230863,0.263368,0.284122,3.045969,0.313581 
24/07/2008 00:00,733613.000000,297.000000,1,1,1,0.400000,0.266021,0.283535,3.046020,0.313623 
25/07/2008 00:00,733614.000000,298.000000,1,1,1,0.400000,0.389917,0.286727,3.046517,0.313665 
26/07/2008 00:00,733615.000000,299.000000,1,1,1,0.347245,0.364155,0.339892,3.052082,0.313828 
27/07/2008 00:00,733616.000000,300.000000,1,1,1,0.328651,0.346971,0.339031,3.070879,0.314391 
28/07/2008 00:00,733617.000000,301.000000,1,1,1,0.315342,0.335218,0.332645,3.087134,0.315194 
29/07/2008 00:00,733618.000000,302.000000,1,1,1,0.304376,0.326375,0.326729,3.098950,0.316074 
30/07/2008 00:00,733619.000000,303.000000,1,1,1,0.295231,0.319231,0.321669,3.107777,0.316940 
31/07/2008 00:00,733620.000000,304.000000,1,1,1,0.287522,0.313213,0.317331,3.114622,0.317744 
01/08/2008 00:00,733621.000000,305.000000,1,1,1,0.280196,0.307893,0.313554,3.120081,0.318466 
02/08/2008 00:00,733622.000000,306.000000,1,1,1,0.273791,0.303151,0.310227,3.124520,0.319100 
03/08/2008 00:00,733623.000000,307.000000,1,1,1,0.275470,0.299900,0.307397,3.128192,0.319649 
04/08/2008 00:00,733624.000000,308.000000,1,1,1,0.345234,0.302056,0.305506,3.131368,0.320122 
05/08/2008 00:00,733625.000000,309.000000,1,1,1,0.377839,0.311553,0.305017,3.134369,0.320536 
06/08/2008 00:00,733626.000000,310.000000,1,1,1,0.400000,0.348839,0.307960,3.137824,0.320919 
07/08/2008 00:00,733627.000000,311.000000,1,1,1,0.400000,0.400000,0.329002,3.144467,0.321366 
08/08/2008 00:00,733628.000000,312.000000,1,1,1,0.341916,0.362169,0.381083,3.163305,0.322192 
09/08/2008 00:00,733629.000000,313.000000,1,1,1,0.326698,0.336096,0.339895,3.234384,0.324685 
10/08/2008 00:00,733630.000000,314.000000,1,1,1,0.313153,0.329085,0.332230,3.246981,0.326893 
11/08/2008 00:00,733631.000000,315.000000,1,1,1,0.310643,0.324160,0.326914,3.255865,0.328710 
12/08/2008 00:00,733632.000000,316.000000,1,1,1,0.306709,0.320072,0.322851,3.262825,0.330169 
13/08/2008 00:00,733633.000000,317.000000,1,1,1,0.296324,0.315481,0.319415,3.268545,0.331325 
14/08/2008 00:00,733634.000000,318.000000,1,1,1,0.400000,0.320894,0.317628,3.273588,0.332245 
15/08/2008 00:00,733635.000000,319.000000,1,1,1,0.400000,0.400000,0.328274,3.280512,0.333067 
16/08/2008 00:00,733636.000000,320.000000,1,1,1,0.400000,0.400000,0.400000,3.318439,0.334838 
17/08/2008 00:00,733637.000000,321.000000,1,1,1,0.400000,0.386869,0.377175,3.748452,0.348477 
18/08/2008 00:00,733638.000000,322.000000,1,1,1,0.351899,0.369170,0.369853,3.787186,0.362982 
19/08/2008 00:00,733639.000000,323.000000,1,1,1,0.333987,0.351097,0.357747,3.809789,0.373615 
20/08/2008 00:00,733640.000000,324.000000,1,1,1,0.322364,0.340646,0.348982,3.823276,0.379478 
21/08/2008 00:00,733641.000000,325.000000,1,1,1,0.313243,0.333073,0.342745,3.833460,0.382121 
22/08/2008 00:00,733642.000000,326.000000,1,1,1,0.305115,0.326936,0.338114,3.841295,0.383332 
23/08/2008 00:00,733643.000000,327.000000,1,1,1,0.298244,0.321807,0.334595,3.847162,0.383990 
24/08/2008 00:00,733644.000000,328.000000,1,1,1,0.292663,0.317487,0.331894,3.851470,0.384407 
25/08/2008 00:00,733645.000000,329.000000,1,1,1,0.287517,0.313743,0.329792,3.854572,0.384691 
26/08/2008 00:00,733646.000000,330.000000,1,1,1,0.282664,0.310426,0.328127,3.856733,0.384887 
27/08/2008 00:00,733647.000000,331.000000,1,1,1,0.278116,0.307468,0.326781,3.858147,0.385016 
28/08/2008 00:00,733648.000000,332.000000,1,1,1,0.273856,0.304825,0.325675,3.858959,0.385094 
29/08/2008 00:00,733649.000000,333.000000,1,1,1,0.270375,0.302497,0.324754,3.859283,0.385131 
30/08/2008 00:00,733650.000000,334.000000,1,1,1,0.267629,0.300466,0.323980,3.859206,0.385135 
31/08/2008 00:00,733651.000000,335.000000,1,1,1,0.295673,0.301456,0.323658,3.858974,0.385122 
01/09/2008 00:00,733652.000000,336.000000,1,1,1,0.356986,0.305702,0.323954,3.858903,0.385114 
02/09/2008 00:00,733653.000000,337.000000,1,1,1,0.361339,0.315997,0.325249,3.859487,0.385148 
03/09/2008 00:00,733654.000000,338.000000,1,1,1,0.353415,0.324003,0.327056,3.860953,0.385244 
04/09/2008 00:00,733655.000000,339.000000,1,1,1,0.400000,0.335773,0.329713,3.863695,0.385430 
05/09/2008 00:00,733656.000000,340.000000,1,1,1,0.368633,0.372736,0.336048,3.869432,0.385815 
06/09/2008 00:00,733657.000000,341.000000,1,1,1,0.344293,0.358570,0.346159,3.880084,0.386535 
07/09/2008 00:00,733658.000000,342.000000,1,1,1,0.337668,0.349533,0.346585,3.892149,0.387409 
08/09/2008 00:00,733659.000000,343.000000,1,1,1,0.370590,0.350181,0.345926,3.903711,0.388277 
09/09/2008 00:00,733660.000000,344.000000,1,1,1,0.392820,0.359072,0.347193,3.915619,0.389153 
10/09/2008 00:00,733661.000000,345.000000,1,1,1,0.363603,0.363904,0.350267,3.929151,0.390111 
