0.0000002255590
0.000000107978
0.000000107978
0.000000107978
0.000000219359
0.000000114178
0.000000107978
0.000000107978
0.000000111381
0.000000107978
0.000000107978
0.000000222156
0.000000000000
0.000000219359
0.000000107978
0.000000222156
0.000000111381
0.000000107978
0.000000107978
0.000000000000
0.000000107978
0.000000333537
0.000000000000
0.000000107978
0.000000107978
0.000000111381
0.000000107978
0.000000114178
0.000000107978
0.000000107978
0.000000111381
0.000000107978
0.000000000000
0.000000222156
0.000000107978
0.000000111381
0.000000107978
0.000000115908
0.000000107978
0.000000222156
0.000000000000
0.000000219359
0.000000107978
0.000000000000
0.000000222156
0.000000111381
0.000000107978
0.000000107978
0.000000000000
0.000000107978
0.000000000000
0.000000000000
0.000000107978
0.000000111381
0.000000107978
0.000000114178
0.000000107978
0.000000000000
0.000000000000
0.000000219359
0.000000000000
0.000000107978
0.000000000000
0.000000222156
0.000000000000
0.000000000000
0.000000107978
0.000000111381
0.000000000000
0.000000107978
0.000000000000
0.000000219359
0.000000114178
0.000000000000
0.000000000000
0.000000107978
0.000000000000
0.000000000000
0.000000107978
0.000000111381
0.000000114178
0.000000107978
0.000000000000
0.000000111381
0.000000107978
0.000000000000
0.000000000000
0.000000000000
0.000000107978
0.000000000000
0.000000000000
0.000000225559
0.000000107978
0.000000000000
0.000000000000
0.000000000000
0.000000107978
0.000000111381
0.000000000000
0.000000000000
0.000000000000
0.000000107978
0.000000114178
0.000000000000
0.000000000000
0.000000000000
0.000000219359
0.000000000000
0.000000000000
0.000000000000
0.000000000000
0.000000107978
0.000000000000
0.000000114178
0.000000111381
0.000000000000
0.000000107978
0.000000000000
0.000000000000
0.000000000000
0.000000000000
0.000000000000
0.000000107978
0.000000000000
0.000000111381
0.000000000000
0.000000230086
0.000000000000
0.000000107978
0.000000000000
0.000000000000
0.000000000000
0.000000111381
0.000000107978
0.000000000000
0.000000000000
0.000000107978
0.000000000000
0.000000000000
0.000000000000
0.000000107978
0.000000000000
0.000000000000
0.000000107978
0.000000000000
0.000000000000
0.000000225559
0.000000000000
0.000000107978
0.000000000000
0.000000000000
0.000000000000
0.000000000000
0.000000000000
0.000000107978
0.000000000000
0.000000000000
0.000000000000
0.000000000000
0.000000000000
0.000000000000
0.000000219359
0.000000000000
0.000000000000
0.000000000000
0.000000114178
0.000000000000
0.000000000000
0.000000000000
0.000000107978
0.000000000000
0.000000000000
0.000000000000
0.000000000000
0.000000000000
0.000000000000
0.000000107978
0.000000000000
0.000000000000
0.000000111381
0.000000000000
0.000000000000
0.000000000000
0.000000000000
0.000000107978
0.000000000000
0.000000000000
0.000000000000
0.000000000000
0.000000114178
0.000000111381
0.000000000000
0.000000107978
0.000000000000
0.000000000000
0.000000000000
0.000000000000
0.000000000000
0.000000000000
0.000000000000
0.000000000000
0.000000000000
0.000000107978
0.000000000000
0.000000000000
0.000000000000
0.000000000000
0.000000000000
0.000000225559
0.000000000000
0.000000000000
0.000000000000
0.000000000000
0.000000107978
0.000000000000
0.000000000000
0.000000000000
0.000000000000
0.000000000000
0.000000000000
0.000000000000
0.000000000000
0.000000000000
0.000000000000
0.000000000000
0.000000000000
0.000000111381
0.000000107978
0.000000000000
0.000000000000
0.000000219359
0.000000000000
0.000000000000
0.000000000000
0.000000000000
0.000000000000
0.000000107978
0.000000000000
0.000000000000
0.000000000000
0.000000000000
0.000000000000
0.000000107978
0.000000000000
0.000000000000
0.000000000000
0.000000000000
0.000000000000
0.000000000000
0.000000000000
0.000000114178
0.000000107978
0.000000000000
0.000000000000
0.000000000000
0.000000000000
0.000000000000
0.000000000000
0.000000000000
0.000000000000
0.000000000000
0.000000000000
0.000000000000
0.000000219359
0.000000000000
0.000000000000
0.000000000000
0.000000000000
0.000000000000
0.000000000000
0.000000000000
0.000000000000
0.000000114178
0.000000000000
0.000000107978
0.000000000000
0.000000000000
0.000000000000
0.000000000000
0.000000000000
0.000000000000
0.000000000000
0.000000000000
0.000000000000
0.000000107978
0.000000000000
0.000000000000
0.000000000000
0.000000000000
0.000000000000
0.000000000000
0.000000000000
0.000000107978
0.000000000000
0.000000000000
0.000000000000
0.000000111381
0.000000000000
0.000000114178
0.000000000000
0.000000000000
0.000000107978
0.000000000000
0.000000000000
0.000000000000
0.000000000000
0.000000000000
0.000000000000
0.000000000000
0.000000000000
0.000000107978
0.000000000000
0.000000000000
0.000000000000
0.000000000000
0.000000000000
0.000000000000
0.000000000000
0.000000000000
0.000000107978
0.000000000000
0.000000000000
0.000000114178
0.000000000000
0.000000000000
0.000000000000
0.000000000000
0.000000107978
0.000000000000
0.000000000000
0.000000000000
0.000000000000
0.000000000000
0.000000000000
0.000000000000
0.000000219359
0.000000000000
0.000000000000
0.000000000000
0.000000000000
0.000000000000
0.000000114178
0.000000000000
0.000000107978
0.000000000000
0.000000000000
0.000000000000
0.000000000000
0.000000000000
0.000000000000
0.000000107978
0.000000114178
0.000000000000
0.000000000000
0.000000000000
0.000000000000
0.000000000000
0.000000107978
0.000000000000
0.000000000000
0.000000000000
0.000000000000
0.000000107978
0.000000000000
0.000000000000
0.000000000000
0.000000000000
0.000000000000
0.000000000000
0.000000000000
0.000000000000
0.000000000000
0.000000000000
0.000000000000
0.000000000000
0.000000000000
0.000000000000
0.000000000000
0.000000000000
0.000000000000
0.000000000000
0.000000000000
0.000000000000
0.000000000000
0.000000000000
0.000000000000
0.000000000000
0.000000000000
0.000000000000
0.000000000000
0.000000000000
0.000000107978
0.000000115908
0.000000000000
0.000000114178
0.000000000000
0.000000000000
0.000000000000
0.000000000000
0.000000000000
0.000000000000
0.000000000000
0.000000000000
0.000000000000
0.000000000000
0.000000000000
0.000000000000
0.000000000000
0.000000000000
0.000000000000
0.000000114178
0.000000000000
0.000000000000
0.000000000000
0.000000000000
0.000000000000
0.000000000000
0.000000000000
0.000000000000
0.000000000000
0.000000000000
0.000000000000
0.000000000000
0.000000000000
0.000000000000
0.000000000000
0.000000000000
0.000000000000
0.000000000000
0.000000000000
0.000000000000
0.000000000000
0.000000000000
0.000000000000
0.000000000000
0.000000000000
0.000000000000
0.000000000000
0.000000000000
0.000000000000
0.000000000000
0.000000000000
0.000000000000
0.000000000000
0.000000107978
0.000000000000
0.000000000000
0.000000000000
0.000000000000
0.000000000000
0.000000000000
0.000000000000
0.000000000000
0.000000000000
0.000000000000
0.000000000000
0.000000000000
0.000000000000
0.000000000000
0.000000000000
0.000000000000
0.000000000000
0.000000000000
0.000000000000
0.000000000000
0.000000000000
0.000000000000
0.000000000000
0.000000000000
0.000000000000
0.000000000000
0.000000000000
0.000000000000
0.000000000000
0.000000000000
0.000000000000
0.000000000000
0.000000000000
0.000000000000
0.000000114178
0.000000000000
0.000000000000
0.000000000000
0.000000000000
0.000000000000
0.000000000000
0.000000000000
0.000000000000
0.000000000000
0.000000000000
0.000000000000
0.000000107978
0.000000000000
0.000000000000
0.000000000000
0.000000000000
0.000000000000
0.000000000000
0.000000000000
0.000000000000
0.000000000000
0.000000000000
0.000000000000
0.000000000000
0.000000000000
0.000000000000
0.000000111381
0.000000000000
0.000000000000
0.000000000000
0.000000000000
0.000000000000
0.000000000000
0.000000000000
0.000000000000
0.000000000000
0.000000000000
0.000000000000
0.000000000000
0.000000000000
0.000000000000
0.000000000000
0.000000000000
0.000000107978
0.000000000000
0.000000000000
0.000000000000
0.000000000000
0.000000000000
0.000000000000
0.000000000000
0.000000000000
0.000000000000
0.000000000000
0.000000000000
0.000000000000
0.000000000000
0.000000000000
0.000000000000
0.000000000000
0.000000000000
0.000000000000
0.000000000000
0.000000000000
0.000000000000
0.000000000000
0.000000000000
0.000000000000
0.000000000000
0.000000000000
0.000000000000
0.000000000000
0.000000000000
0.000000000000
0.000000000000
0.000000000000
0.000000000000
0.000000000000
0.000000000000
0.000000000000
0.000000000000
0.000000000000
0.000000000000
0.000000107978
0.000000000000
0.000000000000
0.000000000000
0.000000000000
0.000000000000
0.000000000000
0.000000000000
0.000000000000
0.000000000000
0.000000000000
0.000000000000
0.000000000000
0.000000000000
0.000000000000
0.000000000000
0.000000000000
0.000000000000
0.000000000000
0.000000000000
0.000000000000
0.000000000000
0.000000000000
0.000000000000
0.000000000000
0.000000000000
0.000000000000
0.000000000000
0.000000107978
0.000000000000
0.000000000000
0.000000000000
0.000000000000
0.000000000000
0.000000000000
0.000000000000
0.000000000000
0.000000000000
0.000000000000
0.000000000000
0.000000000000
0.000000000000
0.000000000000
0.000000000000
0.000000000000
0.000000000000
0.000000000000
0.000000000000
0.000000000000
0.000000000000
0.000000000000
0.000000000000
0.000000000000
0.000000000000
0.000000107978
0.000000000000
0.000000000000
0.000000000000
0.000000000000
0.000000000000
0.000000000000
0.000000000000
0.000000000000
0.000000000000
0.000000000000
0.000000107978
0.000000000000
0.000000000000
0.000000000000
0.000000000000
0.000000000000
0.000000000000
0.000000000000
0.000000000000
0.000000000000
0.000000000000
0.000000000000
0.000000000000
0.000000000000
0.000000000000
0.000000000000
0.000000000000
0.000000000000
0.000000000000
0.000000000000
0.000000000000
0.000000000000
0.000000000000
0.000000107978
0.000000000000
0.000000000000
0.000000000000
0.000000000000
0.000000000000
0.000000000000
0.000000000000
0.000000000000
0.000000000000
0.000000000000
0.000000000000
0.000000000000
0.000000000000
0.000000000000
0.000000107978
0.000000000000
0.000000000000
0.000000000000
0.000000000000
0.000000000000
0.000000000000
0.000000000000
0.000000000000
0.000000000000
0.000000000000
0.000000000000
0.000000107978
0.000000000000
0.000000000000
0.000000000000
0.000000000000
0.000000000000
0.000000000000
0.000000000000
0.000000000000
0.000000000000
0.000000000000
0.000000107978
0.000000000000
0.000000000000
0.000000000000
0.000000000000
0.000000000000
0.000000000000
0.000000000000
0.000000000000
0.000000000000
0.000000107978
0.000000000000
0.000000000000
0.000000000000
0.000000115908
0.000000927262
0.000000695447
0.000000579539
0.000000571609
0.000000347723
0.000000463631
0.000000347723
0.000000347723
0.000000347723
0.000000231816
0.000000570898
0.000000348742
0.000000231816
0.000000115908
0.000000232834
0.000000231816
0.000000232834
0.000000115908
0.000000232834
0.000000115908
0.000000223886
0.000000116927
0.000000115908
0.000000115908
0.000000115908
0.000000116927
0.000000348742
0.000000115908
0.000000579539
0.000001847610
0.000001857580
0.000001858600
0.000001625770
0.000001393950
0.000001162130
0.000001046230
0.000000813392
0.000000805462
0.000000697484
0.000000464650
0.000000697484
0.000000580558
0.000000929300
0.000001269090
0.000001278040
0.000001046230
0.000000813392
0.000000813392
0.000000814411
0.000000697484
0.000000572628
0.000000927570
0.000000930319
0.000039696400
0.000060332200
0.000049672200
0.000043693100
0.000036560900
0.000029469600
0.000022101300
0.000019729000
0.000019358500
0.000019169700
0.000020629700
0.000020748100
0.000024948800
0.000052089900
0.000080992900
0.000096604500
0.000103407000
0.000102910000
0.000099042500
0.000092608700
0.000088428500
0.000085501600
0.000082544800
0.000078579600
0.000075894600
0.000073665500
0.000070834800
0.000072984700
0.000076885700
0.000071989900
0.000070022300
0.000068619100
0.000066068400
0.000063166400
0.000061928700
0.000059052500
0.000058463100
0.000055947300
0.000054886100
0.000052825500
0.000052094500
0.000049977900
0.000049657700
0.000048124800
0.000046440600
0.000046559100
0.000044818800
0.000043828700
0.000042965500
0.000042987500
0.000042372400
0.000042386000
0.000041946900
0.000040721400
0.000039315400
0.000039860600
0.000037391000
0.000036823800
0.000035599600
0.000034730400
0.000034757100
0.000034889700
0.000033559400
0.000032569100
0.000032588000
0.000031715300
0.000031614500
0.000031192000
0.000031970100
0.000030507100
0.000030914600
0.000030304900
0.000029602600
0.000029853700
0.000029518500
0.000029422700
0.000028950200
0.000029082200
0.000028977200
0.000028508000
0.000028646800
0.000027588600
0.000027950200
0.000028297600
0.000027955000
0.000028213600
0.000028326100
0.000028097400
0.000028562800
0.000028568700
0.000028460900
0.000028596900
0.000028341400
0.000028385400
0.000028596900
0.000028619900
0.000028406200
0.000028748900
0.000028185700
0.000028430700
0.000028062100
0.000027834800
0.000027739200
0.000027368000
0.000027391600
0.000027027200
0.000026801000
0.000026581200
0.000026450100
0.000025983800
0.000026098500
0.000025753500
0.000025732100
0.000025305500
0.000025063100
0.000024790800
0.000024818500
0.000024343200
0.000024247100
0.000024014200
0.000023652000
0.000023440900
0.000023056700
0.000022854800
0.000022583600
0.000022733400
0.000022027100
0.000021916900
0.000021548200
0.000021454100
0.000021109600
0.000020519700
0.000020741200
0.000020267800
0.000020181200
0.000019928200
0.000019576100
0.000019237900
0.000018889300
0.000018650300
0.000018309100
0.000017947100
0.000017606100
0.000017372900
0.000017259200
0.000016771000
0.000016553400
0.000016312100
0.000016051100
0.000015843700
0.000015701900
0.000015117600
0.000015229200
0.000014410900
0.000014517300
0.000014172500
0.000014063500
0.000013795300
0.000013453400
0.000013450000
0.000013208300
0.000012868600
0.000012727000
0.000012493500
0.000012363300
0.000012131900
0.000012007800
0.000011768600
0.000011412700
0.000011300900
0.000011157100
0.000011049000
0.000010806600
0.000010702700
0.000010457600
0.000010455900
0.000009741240
0.000009864470
0.000009519090
0.000009494400
0.000009273060
0.000009381430
0.000009246120
0.000008666400
0.000008902600
0.000008558420
0.000008320630
0.000008434800
0.000008187960
0.000008073780
0.000008067530
0.000007598540
0.000007581310
0.000007605990
0.000007589860
0.000007459280
0.000007128530
0.000007349320
0.000007114710
0.000007000140
0.000006991090
0.000006753300
0.000006531450
0.000006622370
0.000006165610
0.000005932350
0.000006157910
0.000006266180
0.000005580610
0.000005799970
0.000005818010
0.000005688590
0.000005684290
0.000005444830
0.000005451030
0.000005214970
0.000005091750
0.000005094540
0.000004639130
0.000004747100
0.000004631420
0.000004515190
0.000004517250
0.000004276280
0.000004162110
0.000004162110
0.000004046430
0.000004040230
0.000003810370
0.000004032520
0.000003688490
0.000003796470
0.000003455230
0.000003566610
0.000003449260
0.000003443060
0.000003446470
0.000003103560
0.000003208980
0.000003094800
0.000003094800
0.000002863280
0.000002857310
0.000002854520
0.000002635160
0.000002622990
0.000002734370
0.000002506250
0.000002614230
0.000002274730
0.000002274730
0.000002265970
0.000002043210
0.000002043210
0.000001923060
0.000001923060
0.000001580160
0.000001691540
0.000001571400
0.000001237860
0.000001460020
0.000001674020
0.000001677420
0.000001665260
0.000001554480
0.000002002200
0.000001653700
0.000001780040
0.000001659900
0.000001653700
0.000001659900
0.000001548520
0.000001656500
0.000001548520
0.000001434340
0.000001437140
0.000001437140
0.000001322960
0.000001437140
0.000001437140
0.000001325760
0.000001217780
0.000001211580
0.000001325760
0.000001226540
0.000001211580
0.000001325760
0.000001106400
0.000001214380
0.000001106400
0.000001100200
0.000000995017
0.000001106400
0.000000988817
0.000001106400
0.000000995017
0.000000992220
0.000001102990
0.000000995017
0.000000995017
0.000001106400
0.000000880839
0.000000995017
0.000000883636
0.000000880839
0.000000995017
0.000000883636
0.000000769458
0.000000883636
0.000000883636
0.000000661480
0.000000883636
0.000000769458
0.000000883636
0.000000664277
0.000000769458
0.000000772254
0.000000664277
0.000000658077
0.000000775658
0.000000658077
0.000000664277
0.000000552896
0.000000658077
0.000000664277
0.000000552896
0.000000550099
0.000000552896
0.000000550099
0.000000552896
0.000000438718
0.000000552896
0.000000438718
0.000000441514
0.000000438718
0.000000552896
0.000000441514
0.000000438718
0.000000552896
0.000000327337
0.000000441514
0.000000438718
0.000000441514
0.000000330740
0.000000441514
0.000000438718
0.000000441514
0.000000327337
0.000000333537
0.000000327337
0.000000438718
0.000000222156
0.000000438718
0.000000333537
0.000000327337
0.000000219359
0.000000219359
0.000000441514
0.000000219359
0.000000441514
0.000000219359
0.000000107978
0.000000330740
0.000000330133
0.000000219359
0.000000219359
0.000000333537
0.000000219359
0.000000107978
0.000000219359
0.000000333537
0.000000219359
0.000000111381
0.000000222156
0.000000219359
0.000000219359
0.000000107978
0.000000111381
0.000000333537
0.000000107978
0.000000219359
0.000000111381
0.000000222156
0.000000219359
0.000000111381
0.000000107978
0.000000000000
0.000000219359
0.000000219359
0.000000114178
0.000000219359
0.000000000000
0.000000219359
0.000000000000
0.000000107978
0.000000225559
0.000000219359
0.000000000000
0.000000000000
0.000000219359
0.000000000000
0.000000219359
0.000000114178
0.000000111381
0.000000107978
0.000000111381
0.000000000000
0.000000107978
0.000000111381
0.000000114178
0.000000219359
0.000000000000
0.000000000000
0.000000219359
0.000000000000
0.000000111381
0.000000000000
0.000000107978
0.000000225559
0.000000000000
0.000000000000
0.000000219359
0.000000000000
0.000000000000
0.000000111381
0.000000000000
0.000000114178
0.000000219359
0.000000000000
0.000000000000
0.000000000000
0.000000111381
0.000000107978
0.000000111381
0.000000000000
0.000000000000
0.000000114178
0.000000107978
0.000000111381
0.000000000000
0.000000000000
0.000000111381
0.000000000000
0.000000000000
0.000000222156
0.000000000000
0.000000111381
0.000000000000
0.000000000000
0.000000000000
0.000000111381
0.000000000000
0.000000000000
0.000000000000
0.000000000000
0.000000114178
0.000000111381
0.000000000000
0.000000000000
0.000000111381
0.000000000000
0.000000000000
0.000000000000
0.000000000000
0.000000000000
0.000000000000
0.000000111381
0.000000000000
0.000000000000
0.000000000000
0.000000225559
0.000000000000
0.000000000000
0.000000000000
0.000000000000
0.000000000000
0.000000000000
0.000000111381
0.000000000000
0.000000000000
0.000000000000
0.000000000000
0.000000333537
0.000000000000
0.000000000000
0.000000000000
0.000000000000
0.000000000000
0.000000000000
0.000000000000
0.000000000000
0.000000000000
0.000000111381
0.000000000000
0.000000000000
0.000000000000
0.000000114178
0.000000000000
0.000000000000
0.000000111381
0.000000000000
0.000000000000
0.000000000000
0.000000000000
0.000000000000
0.000000000000
0.000000000000
0.000000000000
0.000000000000
0.000000000000
0.000000000000
0.000000225559
0.000000000000
0.000000000000
0.000000107978
0.000000000000
0.000000000000
0.000000000000
0.000000000000
0.000000000000
0.000000000000
0.000000000000
0.000000111381
0.000000000000
0.000000000000
0.000000000000
0.000001293270
0.000000000000
0.000000114178
0.000000000000
0.000000000000
0.000000000000
0.000000000000
0.000000000000
0.000000000000
0.000000000000
0.000000000000
0.000000000000
0.000000000000
0.000000000000
0.000000000000
0.000000000000
0.000000000000
0.000000000000
0.000000000000
0.000000000000
0.000000000000
0.000000000000
0.000000114178
0.000000000000
0.000000000000
0.000000000000
0.000000000000
0.000000000000
0.000000000000
0.000000000000
0.000000000000
0.000000000000
0.000000000000
0.000000000000
0.000000000000
0.000000000000
0.000000000000
0.000000000000
0.000000000000
0.000000107978
0.000000000000
0.000000000000
0.000000000000
0.000000000000
0.000000000000
0.000000000000
0.000000000000
0.000000000000
0.000000000000
0.000000000000
0.000000000000
0.000000000000
0.000000000000
0.000000111381
0.000000000000
0.000000000000
0.000000000000
0.000000000000
0.000000000000
0.000000000000
0.000000000000