corn
8.0     1.0     1       100.0     1.0         1.0          1         bu/a
12.9    159.4   4       0.8       0.65        0.8          2.6       0.05
2.0     10.0    30.0    1         100         1320         -5.0      -15.0
0.01    0.95    0.0     40.0      0.0031      0.9233       0.3266    -0.044
0.0     0.976   0.511   0.0287    0.3266      -0.044       0.222598  0.72
17.4    0.075    0       0.9       333.333334  333.33334    2.65      0.03
0.0     0.0     0.0     3         0.01        0.01         0.01      0.01
0.153   0.01    20.0    3.0       -1.20379    0.604887     0.0       0.0
0.0     0.0     0.0     0.0
