# reach.par created Wed, 01 Sep 2010, 01:00:10 by GRASS-HRU
ID	to-reach	length	slope	rough	width
0	0	0	0	0	0
999999	999999	99999	90	9999	9999
n/a	n/a	m	%	n/a	m
128	120	8514.0	0.0008	30	1
130	128	4089.0	0.0024	30	1
132	128	5768.0	0.004	30	1
134	114	9991.0	0.0011	30	1
136	112	7182.0	0.0004	30	1
138	90	779.0	0.0	30	1
140	64	2535.0	0.0016	30	1
142	140	5698.0	0.0011	30	1
144	142	8398.0	0.0012	30	1
146	142	2504.0	0.0004	30	1
148	140	2920.0	0.0007	30	1
64	0	6821.0	0.0006	30	1
66	64	622.0	0.0016	30	1
68	66	4500.0	0.0011	30	1
70	68	2942.0	0.002	30	1
72	70	6296.0	0.0006	30	1
74	72	4878.0	0.0033	30	1
76	72	9407.0	0.0013	30	1
78	76	6236.0	0.0027	30	1
80	76	1014.0	0.001	30	1
82	70	482.0	0.0	30	1
84	68	17491.0	0.0012	30	1
86	84	557.0	0.0018	30	1
88	84	1119.0	0.0	30	1
90	66	4433.0	0.0009	30	1
92	90	7805.0	0.0008	30	1
94	92	2271.0	0.0031	30	1
96	92	789.0	0.0	30	1
98	96	2690.0	0.0019	30	1
100	98	4236.0	0.0014	30	1
102	100	3845.0	0.0008	30	1
104	100	1820.0	0.0	30	1
106	98	11236.0	0.0012	30	1
108	106	2723.0	0.0015	30	1
110	106	2685.0	0.0022	30	1
112	96	3596.0	0.0017	30	1
114	112	6176.0	0.0002	30	1
116	114	505.0	0.002	30	1
118	116	1321.0	0.003	30	1
120	116	4504.0	0.0009	30	1
122	120	6304.0	0.0019	30	1
124	122	2178.0	0.0009	30	1
126	122	3119.0	0.0016	30	1
# end of reach.par