2	18	0
3	16	0
4	3	0
5	7	0
6	8	0
7	21	0
8	28	0
9	18	0
10	8	0
11	6	0
12	3	0
13	21	0
14	36	0
15	3	0
16	17	0
17	27	0
18	10	0
19	33	0
20	45	0
21	34	0
22	24	0
23	39	0
24	18	0
25	31	0
26	34	0
27	36	0
28	62	0
29	32	0
30	46	0
31	50	0
32	44	0
33	30	0
34	35	0
35	56	0
36	64	0
37	25	0
38	40	0
39	41	0
40	38	0
41	36	0
42	61	0
43	31	0
44	48	0
45	59	0
46	53	0
47	75	0
48	131	0
49	52	0
50	112	0
51	152	0
52	49	0
53	59	0
54	60	0
55	95	0
56	51	0
57	99	0
58	90	0
59	75	0
60	54	0
61	69	0
62	111	0
63	116	0
64	65	0
65	64	0
66	123	0
67	76	0
68	78	0
69	149	0
70	142	0
71	94	0
72	150	0
73	48	0
74	51	0
75	111	0
76	50	0
77	72	0
78	114	0
79	80	0
80	98	0
81	83	0
82	52	0
83	142	0
84	91	0
85	179	0
86	60	0
87	155	0
88	102	0
89	81	0
90	72	0
91	66	0
92	122	0
93	104	0
94	122	0
95	73	0
96	152	0
97	118	0
98	109	0
99	146	0
100	92	0
101	127	0
102	69	0
103	88	0
104	51	0
105	103	0
106	142	0
107	185	0
108	156	0
109	98	0
110	173	0
111	0	-124
112	50	0
113	164	0
114	98	0
115	146	0
116	95	0
117	108	0
118	50	0
119	126	0
120	131	0
121	162	0
122	151	0
123	66	0
124	136	0
125	177	0
126	121	0
127	158	0
128	120	0
129	65	0
130	120	0
131	111	0
132	50	0
133	107	0
134	145	0
135	137	0
136	150	0
137	143	0
138	164	0
139	165	0
140	149	0
141	103	0
142	124	0
143	171	0
144	162	0
145	203	0
146	99	0
147	205	0
148	147	0
149	180	0
150	72	0
151	197	0
152	96	0
153	145	0
154	219	0
155	115	0
156	193	0
157	142	0
158	183	0
159	175	0
160	216	0
161	136	0
162	205	0
163	156	0
164	181	0
165	195	0
166	217	0
167	128	0
168	245	0
169	151	0
170	133	0
171	182	0
172	152	0
173	158	0
174	116	0
175	108	0
176	50	0
177	217	0
178	212	0
179	188	0
180	192	0
181	229	0
182	262	0
183	237	0
184	142	0
185	107	0
186	177	0
187	183	0
188	178	0
189	133	0
190	175	0
191	195	0
192	216	0
193	0	-124
194	0	-126
195	154	0
196	172	0
197	236	0
198	194	0
199	153	0
200	50	0
201	214	0
202	0	-126
203	145	0
204	261	0
205	236	0
206	213	0
207	0	-124
208	164	0
209	260	0
210	248	0
211	226	0
212	0	-126
213	192	0
214	225	0
215	232	0
216	219	0
217	201	0
218	0	-124
219	285	0
220	216	0
221	189	0
222	239	0
223	265	0
224	235	0
225	144	0
226	223	0
227	212	0
228	196	0
229	234	0
230	221	0
231	246	0
232	302	0
233	153	0
234	284	0
235	185	0
236	0	-130
237	231	0
238	230	0
239	315	0
240	225	0
241	328	0
242	0	-122
243	228	0
244	234	0
245	192	0
246	236	0
247	243	0
248	241	0
249	313	0
250	200	0
251	185	0
252	274	0
253	257	0
254	292	0
255	285	0
256	255	0
257	212	0
258	269	0
259	271	0
260	278	0
261	241	0
262	252	0
263	288	0
264	290	0
265	283	0
266	324	0
267	238	0
268	347	0
269	348	0
270	259	0
271	266	0
272	327	0
273	288	0
274	239	0
275	337	0
276	300	0
277	305	0
278	285	0
279	315	0
280	162	0
281	342	0
282	342	0
283	371	0
284	270	0
285	0	-134
286	299	0
287	0	-130
288	263	0
289	319	0
290	333	0
291	277	0
292	241	0
293	344	0
294	0	-130
295	242	0
296	281	0
297	337	0
298	328	0
299	329	0
300	348	0
301	272	0
302	338	0
303	335	0
304	329	0
305	277	0
306	335	0
307	364	0
308	290	0
309	405	0
310	329	0
311	0	-132
312	332	0
313	309	0
314	307	0
315	310	0
316	383	0
317	322	0
318	341	0
319	283	0
320	351	0
321	372	0
322	317	0
323	0	-122
324	340	0
325	328	0
326	328	0
327	321	0
328	379	0
329	0	-130
330	0	-128
331	338	0
332	351	0
333	391	0
334	317	0
335	0	-134
336	345	0
337	343	0
338	0	-122
339	331	0
340	370	0
341	374	0
342	399	0
343	380	0
344	0	-130
345	0	-122
346	334	0
347	330	0
348	352	0
349	329	0
350	343	0
351	362	0
352	369	0
353	361	0
354	342	0
355	307	0
356	364	0
357	311	0
358	377	0
359	386	0
360	0	-132
361	408	0
362	348	0
363	332	0
364	356	0
365	329	0
366	349	0
367	385	0
368	424	0
369	316	0
370	389	0
371	377	0
372	321	0
373	381	0
374	341	0
375	464	0
376	423	0
377	371	0
378	412	0
379	328	0
380	0	-122
381	373	0
382	404	0
383	350	0
384	351	0
385	434	0
386	415	0
387	356	0
388	407	0
389	0	-134
390	372	0
391	445	0
392	325	0
393	341	0
394	401	0
395	389	0
396	341	0
397	0	-132
398	394	0
399	368	0
400	431	0
401	0	-128
402	334	0
403	389	0
404	437	0
405	386	0
406	371	0
407	350	0
408	403	0
409	439	0
410	434	0
411	442	0
412	361	0
413	448	0
414	393	0
415	417	0
416	377	0
417	469	0
418	0	-132
419	444	0
420	404	0
421	429	0
422	455	0
423	424	0
424	330	0
425	477	0
426	431	0
427	391	0
428	475	0
429	488	0
430	457	0
431	468	0
432	415	0
433	447	0
434	410	0
435	0	-122
436	389	0
437	0	-128
438	406	0
439	0	-132
440	420	0
441	437	0
442	493	0
443	434	0
444	460	0
445	433	0
446	466	0
447	433	0
448	450	0
449	438	0
450	516	0
451	410	0
452	488	0
453	493	0
454	465	0
455	443	0
456	419	0
457	435	0
458	525	0
459	0	-132
460	514	0
461	457	0
462	447	0
463	0	-134
464	0	-132
465	479	0
466	410	0
467	444	0
468	478	0
469	439	0
470	443	0
471	489	0
472	436	0
473	480	0
474	441	0
475	463	0
476	505	0
477	461	0
478	427	0
479	502	0
480	473	0
481	506	0
482	538	0
483	537	0
484	537	0
485	504	0
486	533	0
487	470	0
488	435	0
489	504	0
490	510	0
491	503	0
492	449	0
493	585	0
494	526	0
495	570	0
496	0	-122
497	457	0
498	439	0
499	552	0
500	504	0
501	521	0
502	487	0
503	0	-128
504	554	0
505	513	0
506	543	0
507	481	0
508	465	0
509	467	0
510	503	0
511	0	-122
512	531	0
513	561	0
514	490	0
515	0	-122
516	506	0
517	538	0
518	510	0
519	539	0
520	0	-134
521	469	0
522	544	0
523	448	0
524	550	0
525	462	0
526	463	0
527	548	0
528	545	0
529	570	0
530	541	0
531	479	0
532	567	0
533	565	0
534	563	0
535	593	0
536	0	-128
537	515	0
538	576	0
539	542	0
540	493	0
541	562	0
542	609	0
543	548	0
544	593	0
545	528	0
546	592	0
547	540	0
548	565	0
549	517	0
550	505	0
551	571	0
552	591	0
553	570	0
554	542	0
555	501	0
556	602	0
557	556	0
558	600	0
559	622	0
560	602	0
561	545	0
562	613	0
563	592	0
564	559	0
565	582	0
566	536	0
567	630	0
568	533	0
569	620	0
570	0	-128
571	565	0
572	573	0
573	566	0
574	0	-122
575	589	0
576	538	0
577	493	0
578	630	0
579	594	0
580	0	-128
581	486	0
582	635	0
583	637	0
584	576	0
585	629	0
586	608	0
587	611	0
588	662	0
589	576	0
590	584	0
591	0	-122
592	603	0
593	619	0
594	620	0
595	540	0
596	646	0
597	583	0
598	620	0
599	545	0
600	0	-120
601	654	0
602	556	0
603	657	0
604	576	0
605	599	0
606	662	0
607	708	0
608	572	0
609	587	0
610	645	0
611	585	0
612	0	-128
613	681	0
614	592	0
615	607	0
616	560	0
617	663	0
618	646	0
619	594	0
620	561	0
621	645	0
622	621	0
623	663	0
624	626	0
625	672	0
626	624	0
627	578	0
628	0	-120
629	585	0
630	606	0
631	647	0
632	602	0
633	619	0
634	640	0
635	636	0
636	607	0
637	655	0
638	613	0
639	720	0
640	580	0
641	654	0
642	690	0
643	715	0
644	0	-134
645	668	0
646	659	0
647	676	0
648	608	0
649	689	0
650	697	0
651	596	0
652	0	-120
653	683	0
654	629	0
655	639	0
656	703	0
657	653	0
658	642	0
659	607	0
660	704	0
661	719	0
662	642	0
663	643	0
664	698	0
665	619	0
666	685	0
667	683	0
668	696	0
669	690	0
670	687	0
671	699	0
672	626	0
673	707	0
674	698	0
675	644	0
676	698	0
677	678	0
678	704	0
679	712	0
680	726	0
681	0	-120
682	683	0
683	0	-120
684	696	0
685	699	0
686	750	0
687	710	0
688	661	0
689	649	0
690	718	0
691	723	0
692	685	0
693	717	0
694	770	0
695	607	0
696	0	-134
697	819	0
698	691	0
699	688	0
700	742	0
701	688	0
702	646	0
703	691	0
704	678	0
705	749	0
706	737	0
707	713	0
708	686	0
709	720	0
710	729	0
711	722	0
712	694	0
713	697	0
714	668	0
715	643	0
716	702	0
717	719	0
718	697	0
719	764	0
720	686	0
721	723	0
722	758	0
723	691	0
724	757	0
725	739	0
726	736	0
727	777	0
728	725	0
729	720	0
730	692	0
731	685	0
732	747	0
733	790	0
734	759	0
735	793	0
736	727	0
737	0	-120
738	722	0
739	750	0
740	802	0
741	735	0
742	705	0
743	808	0
744	761	0
745	714	0
746	754	0
747	661	0
748	764	0
749	737	0
750	0	-110
751	0	-110
752	704	0
753	821	0
754	728	0
755	752	0
756	747	0
757	819	0
758	765	0
759	770	0
760	857	0
761	821	0
762	751	0
763	841	0
764	786	0
765	809	0
766	760	0
767	753	0
768	764	0
769	790	0
770	684	0
771	819	0
772	785	0
773	834	0
774	808	0
775	806	0
776	739	0
777	797	0
778	833	0
779	792	0
780	842	0
781	762	0
782	875	0
783	747	0
784	791	0
785	821	0
786	778	0
787	745	0
788	822	0
789	727	0
790	798	0
791	0	-134
792	866	0
793	752	0
794	795	0
795	875	0
796	822	0
797	798	0
798	0	-118
799	770	0
800	849	0
801	850	0
802	773	0
803	773	0
804	814	0
805	832	0
806	796	0
807	0	-134
808	805	0
809	881	0
810	0	-116
811	852	0
812	843	0
813	760	0
814	834	0
815	838	0
816	842	0
817	808	0
818	827	0
819	771	0
820	817	0
821	753	0
822	840	0
823	797	0
824	873	0
825	816	0
826	839	0
827	856	0
828	853	0
829	845	0
830	862	0
831	807	0
832	837	0
833	778	0
834	829	0
835	768	0
836	895	0
837	898	0
838	875	0
839	879	0
840	822	0
841	802	0
842	774	0
843	844	0
844	0	-110
845	919	0
846	0	-118
847	873	0
848	827	0
849	800	0
850	907	0
851	877	0
852	870	0
853	874	0
854	896	0
855	798	0
856	0	-108
857	809	0
858	884	0
859	858	0
860	855	0
861	882	0
862	882	0
863	855	0
864	817	0
865	863	0
866	873	0
867	825	0
868	899	0
869	910	0
870	908	0
871	910	0
872	884	0
873	866	0
874	918	0
875	871	0
876	884	0
877	904	0
878	918	0
879	908	0
880	885	0
881	878	0
882	936	0
883	0	-114
884	911	0
885	888	0
886	825	0
887	840	0
888	915	0
889	0	-108
890	0	-110
891	929	0
892	903	0
893	870	0
894	984	0
895	908	0
896	924	0
897	879	0
898	868	0
899	904	0
900	861	0
901	1018	0
902	0	-108
903	914	0
904	902	0
905	0	-108
906	887	0
907	919	0
908	926	0
909	920	0
910	871	0
911	1018	0
912	1030	0
913	960	0
914	945	0
915	0	-114
916	915	0
917	0	-106
918	914	0
919	931	0
920	883	0
921	969	0
922	1002	0
923	913	0
924	894	0
925	884	0
926	0	-136
927	867	0
928	942	0
929	970	0
930	845	0
931	962	0
932	966	0
933	934	0
934	937	0
935	951	0
936	901	0
937	982	0
938	953	0
939	1018	0
940	948	0
941	993	0
942	964	0
943	930	0
944	980	0
945	961	0
946	942	0
947	1012	0
948	927	0
949	973	0
950	978	0
951	941	0
952	988	0
953	975	0
954	997	0
955	974	0
956	993	0
957	984	0
958	1018	0
959	958	0
960	0	-106
961	976	0
962	976	0
963	1024	0
964	1016	0
965	984	0
966	963	0
967	981	0
968	0	-136
969	1002	0
970	1039	0
971	954	0
972	1048	0
973	1036	0
974	994	0
975	993	0
976	1000	0
977	985	0
978	938	0
979	996	0
980	946	0
981	1007	0
982	968	0
983	1033	0
984	957	0
985	969	0
986	975	0
987	1027	0
988	0	-104
989	1018	0
990	1030	0
991	978	0
992	1022	0
993	941	0
994	1045	0
995	977	0
996	979	0
997	961	0
998	989	0
999	947	0
1000	0	-102
1001	1060	0
1002	990	0
1003	1000	0
1004	1048	0
1005	0	-102
1006	998	0
1007	0	-136
1008	1097	0
1009	1008	0
1010	1084	0
1011	1002	0
1012	0	-114
1013	0	-114
1014	1011	0
1015	972	0
1016	964	0
1017	949	0
1018	988	0
1019	1088	0
1020	1068	0
1021	1066	0
1022	1077	0
1023	961	0
1024	963	0
1025	988	0
1026	1088	0
1027	1039	0
1028	1051	0
1029	1074	0
1030	978	0
1031	1058	0
1032	1008	0
1033	1031	0
1034	1021	0
1035	1107	0
1036	973	0
1037	1115	0
1038	987	0
1039	0	-106
1040	1077	0
1041	1070	0
1042	987	0
1043	1060	0
1044	1011	0
1045	1084	0
1046	1033	0
1047	1130	0
1048	1047	0
1049	1102	0
1050	1011	0
1051	1071	0
1052	1013	0
1053	1025	0
1054	1080	0
1055	963	0
1056	0	-104
1057	1072	0
1058	1021	0
1059	1099	0
1060	0	-102
1061	1088	0
1062	1076	0
1063	0	-102
1064	1113	0
1065	1062	0
1066	1104	0
1067	988	0
1068	1087	0
1069	1050	0
1070	1037	0
1071	1049	0
1072	1106	0
1073	1081	0
1074	1124	0
1075	1094	0
1076	1098	0
1077	1047	0
1078	1003	0
1079	1123	0
1080	1154	0
1081	1025	0
1082	1101	0
1083	1036	0
1084	1124	0
1085	1077	0
1086	1173	0
1087	1136	0
1088	0	-136
1089	1137	0
1090	1085	0
1091	1093	0
1092	0	-102
1093	1121	0
1094	1114	0
1095	1092	0
1096	1035	0
1097	1064	0
1098	1140	0
1099	1134	0
1100	0	-102
1101	0	-114
1102	1105	0
1103	1122	0
1104	1116	0
1105	1102	0
1106	1118	0
1107	1132	0
1108	1092	0
1109	0	-104
1110	1211	0
1111	1173	0
1112	1068	0
1113	1064	0
1114	1122	0
1115	1118	0
1116	1129	0
1117	1124	0
1118	1209	0
1119	1059	0
1120	1188	0
1121	1075	0
1122	1141	0
1123	1133	0
1124	1074	0
1125	1147	0
1126	1110	0
1127	1167	0
1128	1200	0
1129	1142	0
1130	0	-106
1131	1165	0
1132	0	-106
1133	1174	0
1134	1219	0
1135	0	-100
1136	0	-136
1137	1089	0
1138	1147	0
1139	1068	0
1140	1117	0
1141	1177	0
1142	1186	0
1143	1148	0
1144	1112	0
1145	1219	0
1146	1171	0
1147	1176	0
1148	1181	0
1149	1144	0
1150	1189	0
1151	1180	0
1152	1144	0
1153	1201	0
1154	1158	0
1155	1172	0
1156	1211	0
1157	1139	0
1158	1197	0
1159	1213	0
1160	1165	0
1161	1183	0
1162	1175	0
1163	1080	0
1164	1169	0
1165	1160	0
1166	1098	0
1167	1230	0
1168	1184	0
1169	0	-78
1170	1205	0
1171	1251	0
1172	1202	0
1173	1183	0
1174	0	-136
1175	1226	0
1176	1181	0
1177	1209	0
1178	1262	0
1179	1203	0
1180	0	-78
1181	1176	0
1182	1181	0
1183	1211	0
1184	1169	0
1185	0	-106
1186	0	-80
1187	1197	0
1188	1233	0
1189	1198	0
1190	1189	0
1191	1160	0
1192	1174	0
1193	1174	0
1194	1274	0
1195	1230	0
1196	1193	0
1197	1166	0
1198	1236	0
1199	1251	0
1200	1178	0
1201	1219	0
1202	1229	0
1203	1232	0
1204	1217	0
1205	1171	0
1206	1251	0
1207	1227	0
1208	1198	0
1209	1200	0
1210	1276	0
1211	0	-114
1212	1271	0
1213	1238	0
1214	1252	0
1215	1221	0
1216	1197	0
1217	1260	0
1218	1235	0
1219	1228	0
1220	1188	0
1221	1283	0
1222	1246	0
1223	1187	0
1224	0	-80
1225	1234	0
1226	1196	0
1227	1158	0
1228	1219	0
1229	1206	0
1230	1210	0
1231	1282	0
1232	1282	0
1233	1225	0
1234	1265	0
1235	1264	0
1236	0	-78
1237	1285	0
1238	1209	0
1239	1279	0
1240	1269	0
1241	1256	0
1242	1251	0
1243	1255	0
1244	1193	0
1245	1259	0
1246	1227	0
1247	1274	0
1248	0	-106
1249	1239	0
1250	1269	0
1251	0	-106
1252	1265	0
1253	1283	0
1254	0	-106
1255	1311	0
1256	1287	0
1257	1270	0
1258	1263	0
1259	1196	0
1260	0	-78
1261	1256	0
1262	1178	0
1263	1256	0
1264	1293	0
1265	1344	0
1266	0	-106
1267	0	-106
1268	0	-78
1269	1308	0
1270	1214	0
1271	1308	0
1272	1294	0
1273	0	-76
1274	0	-76
1275	0	-76
1276	0	-106
1277	1234	0
1278	0	-78
1279	1320	0
1280	1266	0
1281	1336	0
1282	1232	0
1283	1323	0
1284	1272	0
1285	0	-78
1286	0	-78
1287	1334	0
1288	1290	0
1289	0	-100
1290	1251	0
1291	1333	0
1292	1318	0
1293	1264	0
1294	1296	0
1295	1336	0
1296	1308	0
1297	0	-76
1298	1352	0
1299	1321	0
1300	1286	0
1301	1310	0
1302	0	-78
1303	1335	0
1304	1340	0
1305	1322	0
1306	1272	0
1307	1359	0
1308	1347	0
1309	1300	0
1310	1353	0
1311	0	-100
1312	1323	0
1313	1284	0
1314	1288	0
1315	1280	0
1316	1326	0
1317	1306	0
1318	1360	0
1319	1310	0
1320	1277	0
1321	1310	0
1322	1332	0
1323	1352	0
1324	1388	0
1325	1341	0
1326	1311	0
1327	1328	0
1328	1379	0
1329	1334	0
1330	1284	0
1331	1365	0
1332	1295	0
1333	1381	0
1334	1364	0
1335	1324	0
1336	1295	0
1337	1386	0
1338	1327	0
1339	1349	0
1340	1428	0
1341	1372	0
1342	1321	0
1343	1345	0
1344	0	-112
1345	1363	0
1346	1348	0
1347	1395	0
1348	1346	0
1349	0	-78
1350	1416	0
1351	1346	0
1352	1348	0
1353	1338	0
1354	1352	0
1355	1360	0
1356	1328	0
1357	1335	0
1358	1340	0
1359	1428	0
1360	0	-112
1361	1397	0
1362	1411	0
1363	1389	0
1364	1334	0
1365	1363	0
1366	1423	0
1367	1432	0
1368	1431	0
1369	1427	0
1370	1340	0
1371	1361	0
1372	1380	0
1373	0	-106
1374	1378	0
1375	1413	0
1376	1355	0
1377	1348	0
1378	1478	0
1379	1369	0
1380	1418	0
1381	1382	0
1382	1401	0
1383	1372	0
1384	1373	0
1385	1348	0
1386	1411	0
1387	1449	0
1388	1324	0
1389	1363	0
1390	1399	0
1391	0	-100
1392	1375	0
1393	1406	0
1394	1406	0
1395	1368	0
1396	1375	0
1397	1307	0
1398	1408	0
1399	1350	0
1400	1380	0
1401	1433	0
1402	0	-76
1403	1357	0
1404	1414	0
1405	1423	0
1406	1408	0
1407	1428	0
1408	1406	0
1409	1455	0
1410	1365	0
1411	1412	0
1412	1426	0
1413	1427	0
1414	1459	0
1415	1371	0
1416	1418	0
1417	1459	0
1418	1457	0
1419	1438	0
1420	1363	0
1421	1420	0
1422	1462	0
1423	0	-98
1424	1496	0
1425	1479	0
1426	1419	0
1427	1445	0
1428	1402	0
1429	1458	0
1430	1373	0
1431	1409	0
1432	1479	0
1433	1422	0
1434	1443	0
1435	1386	0
1436	1488	0
1437	1469	0
1438	1478	0
1439	1483	0
1440	1480	0
1441	1419	0
1442	1473	0
1443	1477	0
1444	1469	0
1445	1449	0
1446	1475	0
1447	1413	0
1448	1491	0
1449	1492	0
1450	1502	0
1451	1516	0
1452	0	-98
1453	1460	0
1454	0	-98
1455	1478	0
1456	1470	0
1457	1440	0
1458	1437	0
1459	1465	0
1460	0	-76
1461	1454	0
1462	1454	0
1463	1436	0
1464	1436	0
1465	1498	0
1466	1499	0
1467	1495	0
1468	1451	0
1469	1471	0
1470	1528	0
1471	0	-112
1472	1432	0
1473	1474	0
1474	1442	0
1475	1460	0
1476	1469	0
1477	1467	0
1478	1455	0
1479	0	-74
1480	1503	0
1481	1549	0
1482	1550	0
1483	1484	0
1484	1487	0
1485	1501	0
1486	1447	0
1487	1517	0
1488	1558	0
1489	1480	0
1490	0	-94
1491	1487	0
1492	1494	0
1493	1520	0
1494	1515	0
1495	1530	0
1496	0	-74
1497	1492	0
1498	1460	0
1499	1504	0
1500	1538	0
1501	1470	0
1502	1446	0
1503	1480	0
1504	0	-94
1505	1537	0
1506	1496	0
1507	1488	0
1508	1501	0
1509	1506	0
1510	1536	0
1511	1554	0
1512	1503	0
1513	0	-96
1514	1568	0
1515	1539	0
1516	1504	0
1517	1533	0
1518	1523	0
1519	1513	0
1520	1540	0
1521	1484	0
1522	0	-76
1523	1475	0
1524	1531	0
1525	1532	0
1526	0	-74
1527	1551	0
1528	1543	0
1529	0	-96
1530	1538	0
1531	1509	0
1532	1588	0
1533	1542	0
1534	1547	0
1535	1541	0
1536	1512	0
1537	1574	0
1538	1569	0
1539	1566	0
1540	1437	0
1541	1526	0
1542	1533	0
1543	1573	0
1544	1609	0
1545	1524	0
1546	1552	0
1547	0	-94
1548	1569	0
1549	1490	0
1550	1520	0
1551	1572	0
1552	1573	0
1553	1547	0
1554	1560	0
1555	1526	0
1556	1586	0
1557	1540	0
1558	1536	0
1559	1577	0
1560	1569	0
1561	1555	0
1562	1581	0
1563	1499	0
1564	1595	0
1565	1545	0
1566	1632	0
1567	1605	0
1568	1577	0
1569	1560	0
1570	1668	0
1571	1522	0
1572	1518	0
1573	1603	0
1574	1570	0
1575	0	-76
1576	1563	0
1577	1568	0
1578	1554	0
1579	1565	0
1580	0	-74
1581	1582	0
1582	1613	0
1583	0	-74
1584	1550	0
1585	1622	0
1586	1614	0
1587	1619	0
1588	1535	0
1589	0	-74
1590	1652	0
1591	1637	0
1592	1600	0
1593	1684	0
1594	1658	0
1595	1694	0
1596	1660	0
1597	1558	0
1598	1567	0
1599	1559	0
1600	1625	0
1601	1650	0
1602	1643	0
1603	1613	0
1604	1507	0
1605	1567	0
1606	1556	0
1607	1615	0
1608	1655	0
1609	1704	0
1610	1678	0
1611	1647	0
1612	1653	0
1613	1675	0
1614	1660	0
1615	1680	0
1616	1634	0
1617	1591	0
1618	1656	0
1619	1646	0
1620	1558	0
1621	1557	0
1622	1639	0
1623	1678	0
1624	1662	0
1625	1595	0
1626	1615	0
1627	1587	0
1628	1671	0
1629	1634	0
1630	1544	0
1631	1652	0
1632	1616	0
1633	1613	0
1634	0	-76
1635	1609	0
1636	1672	0
1637	0	-74
1638	1735	0
1639	1661	0
1640	1631	0
1641	1687	0
1642	1661	0
1643	1671	0
1644	1735	0
1645	1639	0
1646	1619	0
1647	1655	0
1648	1595	0
1649	1670	0
1650	1716	0
1651	1674	0
1652	1651	0
1653	1613	0
1654	1678	0
1655	1653	0
1656	0	-92
1657	1683	0
1658	1632	0
1659	1647	0
1660	0	-92
1661	1702	0
1662	1657	0
1663	1658	0
1664	1653	0
1665	1690	0
1666	1663	0
1667	1684	0
1668	1684	0
1669	1731	0
1670	1660	0
1671	1677	0
1672	0	-92
1673	1708	0
1674	1697	0
1675	1760	0
1676	1629	0
1677	1710	0
1678	1749	0
1679	1712	0
1680	1650	0
1681	1748	0
1682	1721	0
1683	1713	0
1684	1671	0
1685	1699	0
1686	1727	0
1687	1734	0
1688	1718	0
1689	1672	0
1690	1695	0
1691	1629	0
1692	1733	0
1693	1728	0
1694	1656	0
1695	1702	0
1696	1677	0
1697	1674	0
1698	1731	0
1699	1691	0
1700	1730	0
1701	1752	0
1702	1748	0
1703	1719	0
1704	1693	0
1705	1735	0
1706	1794	0
1707	1757	0
1708	1734	0
1709	1689	0
1710	1677	0
1711	1680	0
1712	1679	0
1713	0	-72
1714	1741	0
1715	1750	0
1716	1730	0
1717	1665	0
1718	1677	0
1719	1742	0
1720	1706	0
1721	1669	0
1722	1703	0
1723	1765	0
1724	1765	0
1725	1688	0
1726	1743	0
1727	1743	0
1728	1723	0
1729	1720	0
1730	1746	0
1731	1768	0
1732	1763	0
1733	1760	0
1734	1755	0
1735	1729	0
1736	1807	0
1737	1788	0
1738	1804	0
1739	1771	0
1740	1778	0
1741	0	-86
1742	1713	0
1743	1774	0
1744	1756	0
1745	1744	0
1746	1781	0
1747	1746	0
1748	1736	0
1749	1759	0
1750	1769	0
1751	1774	0
1752	1687	0
1753	1837	0
1754	1757	0
1755	1758	0
1756	1744	0
1757	1818	0
1758	1793	0
1759	1741	0
1760	1755	0
1761	1738	0
1762	1731	0
1763	1773	0
1764	1811	0
1765	1724	0
1766	1677	0
1767	1788	0
1768	1842	0
1769	1732	0
1770	1829	0
1771	1784	0
1772	1763	0
1773	1791	0
1774	1775	0
1775	1774	0
1776	1723	0
1777	1790	0
1778	1751	0
1779	0	-92
1780	1903	0
1781	1806	0
1782	1803	0
1783	1833	0
1784	1798	0
1785	1814	0
1786	1746	0
1787	0	-84
1788	0	-84
1789	1850	0
1790	1695	0
1791	0	-72
1792	1774	0
1793	1809	0
1794	1779	0
1795	1822	0
1796	1867	0
1797	1831	0
1798	1831	0
1799	1787	0
1800	1819	0
1801	1747	0
1802	1789	0
1803	1808	0
1804	1772	0
1805	1836	0
1806	1823	0
1807	1837	0
1808	0	-88
1809	1793	0
1810	1827	0
1811	0	-82
1812	1798	0
1813	1821	0
1814	1845	0
1815	1869	0
1816	1773	0
1817	1841	0
1818	0	-84
1819	1844	0
1820	1867	0
1821	1785	0
1822	1836	0
1823	1795	0
1824	0	-88
1825	0	-72
1826	1896	0
1827	1835	0
1828	1806	0
1829	1881	0
1830	1872	0
1831	1847	0
1832	0	-72
1833	1857	0
1834	1858	0
1835	0	-72
1836	1881	0
1837	1830	0
1838	1824	0
1839	1844	0
1840	1828	0
1841	1883	0
1842	1859	0
1843	1875	0
1844	1791	0
1845	1853	0
1846	1810	0
1847	1831	0
1848	1849	0
1849	1878	0
1850	1852	0
1851	1822	0
1852	1809	0
1853	1880	0
1854	1864	0
1855	1849	0
1856	0	-72
1857	1875	0
1858	1808	0
1859	1891	0
1860	0	-72
1861	1867	0
1862	1899	0
1863	1838	0
1864	1871	0
1865	1869	0
1866	1847	0
1867	1868	0
1868	1883	0
1869	1968	0
1870	1919	0
1871	1920	0
1872	1858	0
1873	0	-84
1874	1918	0
1875	1928	0
1876	1912	0
1877	1865	0
1878	1839	0
1879	1926	0
1880	1829	0
1881	0	-92
1882	1871	0
1883	1890	0
1884	1842	0
1885	1865	0
1886	1825	0
1887	1863	0
1888	1910	0
1889	1845	0
1890	1909	0
1891	0	-84
1892	0	-84
1893	1881	0
1894	1941	0
1895	1889	0
1896	0	-84
1897	1917	0
1898	1871	0
1899	1858	0
1900	1862	0
1901	1930	0
1902	1933	0
1903	1906	0
1904	1868	0
1905	1936	0
1906	1895	0
1907	1976	0
1908	1909	0
1909	1872	0
1910	0	-70
1911	1951	0
1912	1929	0
1913	1892	0
1914	1895	0
1915	1969	0
1916	1911	0
1917	0	-72
1918	1860	0
1919	1893	0
1920	1965	0
1921	1839	0
1922	1965	0
1923	2005	0
1924	1889	0
1925	1891	0
1926	1955	0
1927	1918	0
1928	1920	0
1929	1952	0
1930	0	-84
1931	1927	0
1932	1976	0
1933	1991	0
1934	1880	0
1935	1942	0
1936	1984	0
1937	1957	0
1938	1929	0
1939	1999	0
1940	1982	0
1941	1971	0
1942	1897	0
1943	1905	0
1944	1906	0
1945	1970	0
1946	1934	0
1947	1935	0
1948	1977	0
1949	1938	0
1950	1978	0
1951	1949	0
1952	1939	0
1953	1927	0
1954	2006	0
1955	0	-70
1956	1985	0
1957	1880	0
1958	1959	0
1959	1897	0
1960	0	-84
1961	1905	0
1962	0	-70
1963	0	-92
1964	2019	0
1965	1986	0
1966	0	-84
1967	1968	0
1968	1982	0
1969	1970	0
1970	2012	0
1971	2035	0
1972	2015	0
1973	1954	0
1974	1962	0
1975	1993	0
1976	1964	0
1977	2016	0
1978	2031	0
1979	1954	0
1980	1995	0
1981	1996	0
1982	0	-84
1983	1941	0
1984	0	-70
1985	1976	0
1986	1956	0
1987	2034	0
1988	2063	0
1989	2023	0
1990	1992	0
1991	1982	0
1992	1962	0
1993	2014	0
1994	2011	0
1995	2020	0
1996	1981	0
1997	2054	0
1998	1943	0
1999	1930	0
2000	2069	0
2001	0	-70
2002	1972	0
2003	0	-92
2004	0	-84
2005	1983	0
2006	1986	0
2007	2056	0
2008	2040	0
2009	1947	0
2010	1998	0
2011	1997	0
2012	1970	0
2013	1942	0
2014	2042	0
2015	2031	0
2016	2007	0
2017	2020	0
2018	2041	0
2019	2002	0
2020	2039	0
2021	1996	0
2022	2014	0
2023	2021	0
2024	0	-84
2025	1989	0
2026	2000	0
2027	1981	0
2028	2025	0
2029	2095	0
2030	0	-138
2031	2046	0
2032	2002	0
2033	2063	0
2034	0	-68
2035	2044	0
2036	2015	0
2037	1997	0
2038	2054	0
2039	2033	0
2040	0	-84
2041	0	-84
2042	2090	0
2043	1967	0
2044	0	-84
2045	2096	0
2046	2048	0
2047	1981	0
2048	0	-138
2049	2054	0
2050	2093	0
2051	2034	0
2052	2029	0
2053	2067	0
2054	2091	0
2055	2060	0
2056	2068	0
2057	2025	0
2058	2040	0
2059	0	-84
2060	2097	0
2061	2021	0
2062	2034	0
2063	2065	0
2064	2029	0
2065	0	-144
2066	2063	0
2067	0	-90
2068	2085	0
2069	2100	0
2070	2042	0
2071	2070	0
2072	2032	0
2073	0	-84
2074	2073	0
2075	2061	0
2076	2091	0
2077	2103	0
2078	2098	0
2079	2105	0
2080	2073	0
2081	2110	0
2082	2098	0
2083	0	-84
2084	2142	0
2085	2082	0
2086	2077	0
2087	2080	0
2088	2081	0
2089	2143	0
2090	0	-90
2091	2079	0
2092	2064	0
2093	2095	0
2094	2070	0
2095	2125	0
2096	0	-84
2097	2123	0
2098	2065	0
2099	2102	0
2100	0	-84
2101	0	-84
2102	0	-144
2103	2156	0
2104	0	-84
2105	2079	0
2106	2111	0
2107	2136	0
2108	2100	0
2109	0	-144
2110	2062	0
2111	2137	0
2112	2121	0
2113	2098	0
2114	2136	0
2115	0	-84
2116	2133	0
2117	2193	0
2118	2090	0
2119	0	-144
2120	0	-84
2121	2149	0
2122	2088	0
2123	2146	0
2124	2065	0
2125	0	-84
2126	2096	0
2127	2104	0
2128	2149	0
2129	2168	0
2130	2126	0
2131	2188	0
2132	2119	0
2133	2156	0
2134	0	-84
2135	2121	0
2136	2107	0
2137	0	-144
2138	2169	0
2139	0	-68
2140	2158	0
2141	2163	0
2142	2141	0
2143	0	-90
2144	2131	0
2145	2120	0
2146	2113	0
2147	2137	0
2148	2193	0
2149	2174	0
2150	2191	0
2151	2143	0
2152	2140	0
2153	2146	0
2154	2136	0
2155	2191	0
2156	0	-144
2157	2160	0
2158	2132	0
2159	2167	0
2160	2116	0
2161	2208	0
2162	2131	0
2163	2199	0
2164	2200	0
2165	2146	0
2166	2180	0
2167	2159	0
2168	2156	0
2169	0	-68
2170	0	-90
2171	2188	0
2172	2140	0
2173	0	-68
2174	2182	0
2175	2191	0
2176	2170	0
2177	2159	0
2178	2164	0
2179	2172	0
2180	2178	0
2181	2233	0
2182	2208	0
2183	2164	0
2184	2238	0
2185	2223	0
2186	0	-68
2187	2225	0
2188	2205	0
2189	2194	0
2190	2177	0
2191	2233	0
2192	2177	0
2193	0	-144
2194	2131	0
2195	2215	0
2196	2168	0
2197	2212	0
2198	2186	0
2199	0	-144
2200	0	-144
2201	2237	0
2202	2205	0
2203	2198	0
2204	2241	0
2205	2221	0
2206	2184	0
2207	2248	0
2208	2240	0
2209	2203	0
2210	2269	0
2211	0	-90
2212	2193	0
2213	2211	0
2214	2236	0
2215	2225	0
2216	2285	0
2217	2259	0
2218	2207	0
2219	2223	0
2220	2256	0
2221	2176	0
2222	2228	0
2223	2219	0
2224	2245	0
2225	2218	0
2226	2254	0
2227	2262	0
2228	2262	0
2229	2217	0
2230	2243	0
2231	2200	0
2232	2274	0
2233	2219	0
2234	2261	0
2235	2177	0
2236	2264	0
2237	2232	0
2238	2274	0
2239	2270	0
2240	2256	0
2241	2220	0
2242	0	-66
2243	2242	0
2244	2216	0
2245	2214	0
2246	2254	0
2247	2271	0
2248	2278	0
2249	2296	0
2250	2322	0
2251	2205	0
2252	2302	0
2253	2263	0
2254	2279	0
2255	0	-142
2256	2295	0
2257	2242	0
2258	2264	0
2259	2249	0
2260	2290	0
2261	2205	0
2262	2202	0
2263	2248	0
2264	2277	0
2265	2277	0
2266	2305	0
2267	2233	0
2268	2301	0
2269	2207	0
2270	2241	0
2271	2278	0
2272	2305	0
2273	0	-146
2274	2275	0
2275	2282	0
2276	2261	0
2277	2284	0
2278	2266	0
2279	2254	0
2280	2323	0
2281	2318	0
2282	0	-142
2283	2279	0
2284	2216	0
2285	2319	0
2286	2290	0
2287	2268	0
2288	0	-142
2289	2284	0
2290	2249	0
2291	2299	0
2292	2278	0
2293	2291	0
2294	2255	0
2295	2332	0
2296	0	-146
2297	2314	0
2298	2291	0
2299	2336	0
2300	0	-140
2301	0	-64
2302	2342	0
2303	2278	0
2304	0	-142
2305	0	-146
2306	2297	0
2307	0	-64
2308	2294	0
2309	2361	0
2310	2323	0
2311	0	-64
2312	2317	0
2313	2303	0
2314	2296	0
2315	0	-142
2316	2338	0
2317	2338	0
2318	2312	0
2319	2252	0
2320	2326	0
2321	2322	0
2322	2332	0
2323	2300	0
2324	2313	0
2325	2298	0
2326	2324	0
2327	0	-140
2328	2300	0
2329	2296	0
2330	2312	0
2331	2358	0
2332	0	-142
2333	2338	0
2334	2379	0
2335	2334	0
2336	2356	0
2337	2286	0
2338	2350	0
2339	2303	0
2340	2364	0
2341	2355	0
2342	2320	0
2343	2361	0
2344	2350	0
2345	2348	0
2346	2326	0
2347	2365	0
2348	2375	0
2349	2322	0
2350	2341	0
2351	2343	0
2352	2360	0
2353	2397	0
2354	2344	0
2355	0	-64
2356	2371	0
2357	2375	0
2358	2349	0
2359	2377	0
2360	0	-140
2361	2367	0
2362	2315	0
2363	2353	0
2364	2323	0
2365	2347	0
2366	2326	0
2367	2393	0
2368	2410	0
2369	0	-148
2370	2364	0
2371	2385	0
2372	2376	0
2373	0	-148
2374	2375	0
2375	2380	0
2376	2408	0
2377	0	-64
2378	0	-148
2379	2385	0
2380	2375	0
2381	2369	0
2382	2400	0
2383	2384	0
2384	2372	0
2385	2416	0
2386	2376	0
2387	2363	0
2388	2392	0
2389	2360	0
2390	2389	0
2391	2395	0
2392	2432	0
2393	2413	0
2394	2413	0
2395	2401	0
2396	2387	0
2397	2374	0
2398	2378	0
2399	0	-64
2400	2407	0
2401	2395	0
2402	0	-64
2403	2423	0
2404	2409	0
2405	2389	0
2406	2385	0
2407	0	-148
2408	2377	0
2409	2420	0
2410	2398	0
2411	2436	0
2412	2405	0
2413	2414	0
2414	2449	0
2415	0	-148
2416	2399	0
2417	2382	0
2418	2441	0
2419	0	-64
2420	2408	0
2421	2427	0
2422	2405	0
2423	2431	0
2424	0	-148
2425	2420	0
2426	2400	0
2427	2395	0
2428	2437	0
2429	2424	0
2430	2402	0
2431	2392	0
2432	2413	0
2433	2430	0
2434	2407	0
2435	2417	0
2436	2404	0
2437	2428	0
2438	2422	0
2439	2419	0
2440	2412	0
2441	2439	0
2442	2443	0
2443	2420	0
2444	2418	0
2445	2450	0
2446	2432	0
2447	2432	0
2448	2441	0
2449	2424	0
2450	2444	0
